,No,age,bmi,children,charges,region_IDN,region_northeast,region_northwest,region_southeast,region_southwest,sex_IDN,sex_female,sex_male,smoker_IDN,smoker_no,smoker_yes
0,0,19.0,27.9,0.0,16884.924,0,0,0,0,1,0,1,0,0,0,1
1,1,39.0,33.77,1.0,1725.5523,0,0,0,1,0,0,0,1,0,1,0
2,2,28.0,33.0,3.0,4449.462,1,0,0,0,0,0,0,1,0,1,0
3,3,33.0,22.705,0.0,21984.47061,0,0,1,0,0,0,0,1,0,1,0
4,4,32.0,28.88,0.0,3866.8552,0,0,1,0,0,0,0,1,0,1,0
5,5,31.0,25.74,0.0,3756.6216,0,0,0,1,0,0,1,0,0,1,0
6,6,46.0,33.44,1.0,8240.5896,0,0,0,1,0,0,1,0,0,1,0
7,7,37.0,27.74,3.0,7281.5056,0,0,1,0,0,0,1,0,0,1,0
8,8,37.0,29.83,2.0,6406.4107,0,1,0,0,0,1,0,0,0,1,0
9,9,60.0,25.84,0.0,28923.13692,0,0,1,0,0,0,1,0,0,1,0
10,10,25.0,30.631379032258067,0.0,2721.3208,0,1,0,0,0,0,0,1,0,1,0
11,11,62.0,26.29,0.0,27808.7251,0,0,0,1,0,0,1,0,0,0,1
12,12,23.0,34.4,0.0,1826.843,0,0,0,0,1,1,0,0,0,1,0
13,13,56.0,39.82,0.0,11090.7178,0,0,0,1,0,0,1,0,0,1,0
14,14,27.0,42.13,0.0,39611.7577,0,0,0,1,0,0,0,1,0,0,1
15,15,19.0,24.6,1.0,1837.237,0,0,0,0,1,0,0,1,0,1,0
16,16,52.0,30.78,1.0,10797.3362,0,1,0,0,0,0,1,0,0,1,0
17,17,23.0,23.845,0.0,2395.17155,0,1,0,0,0,0,0,1,0,1,0
18,18,56.0,40.3,0.0,10602.385,0,0,0,0,1,0,0,1,0,1,0
19,19,30.0,35.3,0.0,36837.467,0,0,0,0,1,0,0,1,0,0,1
20,20,60.0,36.005,0.0,13228.84695,0,1,0,0,0,1,0,0,0,1,0
21,21,30.0,32.4,1.0,4149.736,0,0,0,0,1,0,1,0,0,1,0
22,22,18.0,34.1,0.0,1137.011,0,0,0,1,0,0,0,1,0,1,0
23,23,34.0,31.92,1.0,37701.8768,0,1,0,0,0,0,1,0,0,0,1
24,24,37.0,30.631379032258067,2.0,6203.90175,0,0,1,0,0,0,0,1,0,1,0
25,25,59.0,27.72,3.0,14001.1338,0,0,0,1,0,0,1,0,0,1,0
26,26,63.0,23.085,0.0,14451.83515,0,1,0,0,0,0,1,0,0,1,0
27,27,55.0,32.775,2.0,12268.63225,0,0,1,0,0,0,1,0,0,1,0
28,28,23.0,17.385,1.0,2775.19215,0,0,1,0,0,0,0,1,0,1,0
29,29,31.0,36.3,2.0,38711.0,0,0,0,0,1,0,0,1,0,0,1
30,30,22.0,35.6,0.0,35585.576,0,0,0,0,1,0,0,1,0,0,1
31,31,18.0,26.315,0.0,2198.18985,0,1,0,0,0,0,1,0,0,1,0
32,32,19.0,28.6,5.0,4687.7970000000005,0,0,0,0,1,0,1,0,0,1,0
33,33,63.0,28.31,0.0,13770.0979,0,0,1,0,0,0,0,1,0,1,0
34,34,28.0,36.4,1.0,51194.55914,0,0,0,0,1,0,0,1,0,0,1
35,35,19.0,20.425,0.0,1625.43375,0,0,1,0,0,1,0,0,0,1,0
36,36,62.0,32.965,3.0,15612.19335,0,0,1,0,0,0,1,0,0,1,0
37,37,26.0,20.8,0.0,2302.3,0,0,0,0,1,0,0,1,0,1,0
38,38,35.0,36.67,1.0,39774.2763,0,1,0,0,0,0,0,1,0,0,1
39,39,60.0,39.9,0.0,48173.361,0,0,0,0,1,0,0,1,0,0,1
40,40,24.0,26.6,0.0,3046.062,0,1,0,0,0,0,1,0,0,1,0
41,41,31.0,36.63,2.0,4949.7587,0,0,0,1,0,0,1,0,0,1,0
42,42,41.0,30.631379032258067,1.0,6272.4772,0,0,0,1,0,0,0,1,0,1,0
43,43,37.0,30.8,2.0,6313.759,0,0,0,1,0,0,1,0,0,1,0
44,44,38.0,37.05,1.0,6079.6715,1,0,0,0,0,0,0,1,0,1,0
45,45,55.0,30.631379032258067,0.0,20630.28351,0,0,0,0,1,0,0,1,1,0,0
46,46,18.0,38.665,2.0,3393.35635,0,1,0,0,0,0,1,0,0,1,0
47,47,28.0,34.77,0.0,3556.9223,0,0,1,0,0,0,1,0,0,1,0
48,48,60.0,24.53,0.0,12629.8967,0,0,0,1,0,0,1,0,1,0,0
49,49,36.0,35.2,1.0,38709.176,0,0,0,1,0,1,0,0,0,0,1
50,50,18.0,35.625,0.0,2211.13075,0,1,0,0,0,0,1,0,0,1,0
51,51,21.0,33.63,2.0,3579.8287,1,0,0,0,0,0,1,0,0,1,0
52,52,48.0,28.0,1.0,23568.272,0,0,0,0,1,0,0,1,0,0,1
53,53,36.0,34.43,0.0,37742.5757,0,0,0,1,0,0,0,1,0,0,1
54,54,40.0,28.69,3.0,8059.6791,0,0,1,0,0,1,0,0,0,1,0
55,55,58.0,36.955,2.0,47496.49445,0,0,1,0,0,0,0,1,0,0,1
56,56,58.0,31.825,2.0,13607.36875,0,1,0,0,0,0,1,0,0,1,0
57,57,18.0,31.68,2.0,34303.1672,0,0,0,1,0,0,0,1,0,0,1
58,58,53.0,22.88,1.0,23244.7902,1,0,0,0,0,0,1,0,0,0,1
59,59,34.0,37.335,2.0,5989.52365,0,0,1,0,0,0,1,0,0,1,0
60,60,43.0,30.631379032258067,3.0,8606.2174,0,1,0,0,0,0,0,1,0,1,0
61,61,25.0,33.66,4.0,4504.6624,0,0,0,1,0,0,0,1,0,1,0
62,62,64.0,24.7,1.0,30166.61817,0,0,1,0,0,0,0,1,0,1,0
63,63,28.0,30.631379032258067,1.0,13311.265686102104,0,0,1,0,0,0,1,0,0,1,0
64,64,20.0,22.42,0.0,14711.7438,0,0,1,0,0,0,1,0,0,0,1
65,65,19.0,28.9,0.0,13311.265686102104,1,0,0,0,0,0,1,0,0,1,0
66,66,61.0,39.1,0.0,14235.072,0,0,0,0,1,0,1,0,0,1,0
67,67,40.0,26.315,1.0,6389.37785,0,0,1,0,0,0,0,1,0,1,0
68,68,40.0,36.19,0.0,5920.1041,0,0,0,1,0,0,1,0,0,1,0
69,69,28.0,23.98,3.0,17663.1442,1,0,0,0,0,0,0,1,0,0,1
70,70,27.0,24.75,0.0,16577.7795,0,0,0,1,0,0,1,0,0,0,1
71,71,31.0,28.5,5.0,6799.4580000000005,1,0,0,0,0,0,0,1,0,1,0
72,72,53.0,28.1,3.0,11741.726,0,0,0,0,1,0,1,0,0,1,0
73,73,58.0,30.631379032258067,1.0,11946.6259,0,0,0,1,0,1,0,0,0,1,0
74,74,44.0,27.4,2.0,7726.854,0,0,0,0,1,0,0,1,0,1,0
75,75,57.0,34.01,0.0,11356.6609,0,0,1,0,0,0,0,1,0,1,0
76,76,29.0,29.59,1.0,3947.4131,0,0,0,1,0,0,1,0,0,1,0
77,77,21.0,35.53,0.0,1532.4697,0,0,0,1,0,0,0,1,1,0,0
78,78,22.0,39.805,0.0,2755.02095,0,1,0,0,0,1,0,0,0,1,0
79,79,41.0,32.965,0.0,6571.02435,1,0,0,0,0,0,1,0,0,1,0
80,80,31.0,26.885,1.0,4441.21315,0,1,0,0,0,0,0,1,0,1,0
81,81,45.0,38.285,0.0,7935.29115,0,1,0,0,0,0,1,0,0,1,0
82,82,22.0,37.62,1.0,37165.1638,0,0,0,1,0,0,0,1,0,0,1
83,83,48.0,41.23,4.0,11033.6617,0,0,1,0,0,0,1,0,0,1,0
84,84,37.0,34.8,0.0,39836.519,0,0,0,0,1,0,1,0,0,0,1
85,85,39.0,22.895,0.0,21098.55405,0,0,1,0,0,0,0,1,0,0,1
86,86,57.0,31.16,0.0,43578.9394,0,0,1,0,0,0,1,0,0,0,1
87,87,56.0,27.2,0.0,11073.176,0,0,0,0,1,0,1,0,0,1,0
88,88,46.0,27.74,0.0,8026.6666,0,0,1,0,0,0,1,0,0,1,0
89,89,55.0,26.98,0.0,11082.5772,0,0,1,0,0,0,1,0,0,1,0
90,90,21.0,39.49,0.0,2026.9741,0,0,0,1,0,0,1,0,0,1,0
91,91,53.0,24.795,1.0,10942.13205,0,0,1,0,0,1,0,0,0,1,0
92,92,39.0,29.83,3.0,30184.9367,0,1,0,0,0,0,0,1,0,0,1
93,93,35.0,34.77,2.0,5729.0053,0,0,1,0,0,0,0,1,0,1,0
94,94,64.0,31.3,2.0,47291.055,0,0,0,0,1,0,1,0,0,0,1
95,95,28.0,30.631379032258067,1.0,3766.8838,0,0,0,1,0,0,1,0,0,1,0
96,96,54.0,30.8,3.0,12105.32,0,0,0,0,1,0,1,0,0,1,0
97,97,55.0,38.28,0.0,10226.2842,0,0,0,1,0,0,0,1,0,1,0
98,98,56.0,19.95,0.0,22412.6485,0,1,0,0,0,0,0,1,0,0,1
99,99,38.0,19.3,0.0,13311.265686102104,0,0,0,0,1,1,0,0,0,0,1
100,100,41.0,31.6,0.0,6186.127,0,0,0,0,1,0,1,0,0,1,0
101,101,30.0,25.46,0.0,3645.0894,0,1,0,0,0,0,0,1,0,1,0
102,102,18.0,30.115,0.0,21344.8467,0,1,0,0,0,1,0,0,0,1,0
103,103,61.0,29.92,3.0,30942.1918,0,0,0,1,0,0,1,0,0,0,1
104,104,34.0,27.5,1.0,5003.853,1,0,0,0,0,0,1,0,0,1,0
105,105,20.0,28.025,1.0,17560.37975,0,0,1,0,0,0,0,1,0,0,1
106,106,19.0,28.4,1.0,2331.519,1,0,0,0,0,0,1,0,0,1,0
107,107,26.0,30.875,2.0,3877.30425,0,0,1,0,0,0,0,1,0,1,0
108,108,29.0,27.94,0.0,2867.1196,0,0,0,1,0,0,0,1,0,1,0
109,109,63.0,35.09,0.0,47055.5321,0,0,0,1,0,1,0,0,0,0,1
110,110,54.0,33.63,1.0,10825.2537,0,0,1,0,0,0,0,1,0,1,0
111,111,55.0,29.7,2.0,11881.358,0,0,0,0,1,0,1,0,0,1,0
112,112,37.0,30.8,0.0,4646.759,0,0,0,0,1,0,0,1,0,1,0
113,113,21.0,30.631379032258067,0.0,2404.7338,0,0,1,0,0,1,0,0,0,1,0
114,114,52.0,32.205,3.0,11488.31695,1,0,0,0,0,0,0,1,1,0,0
115,115,39.0,28.595,0.0,30259.995560000003,0,1,0,0,0,0,0,1,0,1,0
116,116,58.0,49.06,0.0,11381.3254,0,0,0,1,0,0,0,1,0,1,0
117,117,29.0,27.94,1.0,13311.265686102104,1,0,0,0,0,1,0,0,0,0,1
118,118,49.0,27.17,0.0,8601.3293,0,0,0,1,0,0,1,0,0,1,0
119,119,37.0,23.37,2.0,6686.4313,0,0,1,0,0,0,1,0,0,1,0
120,120,44.0,37.1,2.0,7740.336999999999,0,0,0,0,1,1,0,0,0,1,0
121,121,18.0,23.75,0.0,1705.6245,0,1,0,0,0,0,0,1,0,1,0
122,122,20.0,28.975,0.0,2257.47525,1,0,0,0,0,0,1,0,0,1,0
123,123,44.0,31.35,1.0,39556.4945,0,1,0,0,0,0,0,1,0,0,1
124,124,47.0,33.915,3.0,10115.00885,0,0,1,0,0,0,1,0,0,1,0
125,125,26.0,30.631379032258067,0.0,3385.39915,0,1,0,0,0,0,1,0,0,1,0
126,126,19.0,28.3,0.0,17081.08,0,0,0,0,1,0,1,0,0,0,1
127,127,52.0,37.4,0.0,9634.538,1,0,0,0,0,0,1,0,0,1,0
128,128,32.0,17.765,2.0,32734.1863,0,0,1,0,0,0,1,0,0,0,1
129,129,38.0,30.631379032258067,2.0,6082.405,0,0,0,0,1,0,0,1,0,1,0
130,130,59.0,26.505,0.0,12815.44495,0,1,0,0,0,0,1,0,0,1,0
131,131,61.0,22.04,0.0,13616.3586,0,1,0,0,0,0,1,0,0,1,0
132,132,53.0,35.9,2.0,11163.568,0,0,0,0,1,0,1,0,0,1,0
133,133,19.0,25.555,0.0,1632.56445,0,0,1,0,0,0,0,1,0,1,0
134,134,20.0,28.785,0.0,2457.21115,1,0,0,0,0,0,1,0,0,1,0
135,135,22.0,28.05,0.0,2155.6815,0,0,0,1,0,0,1,0,0,1,0
136,136,19.0,34.1,0.0,1261.442,1,0,0,0,0,0,0,1,0,1,0
137,137,22.0,25.175,0.0,2045.68525,0,0,1,0,0,0,0,1,0,1,0
138,138,54.0,31.9,3.0,13311.265686102104,0,0,0,1,0,0,1,0,0,1,0
139,139,22.0,36.0,0.0,2166.732,0,0,0,0,1,0,1,0,0,1,0
140,140,34.0,22.42,2.0,27375.90478,0,1,0,0,0,0,0,1,0,1,0
141,141,26.0,32.49,1.0,3490.5491,0,1,0,0,0,0,0,1,0,1,0
142,142,34.0,25.3,2.0,18972.495,0,0,0,1,0,1,0,0,0,0,1
143,143,29.0,29.735,2.0,18157.876,0,0,1,0,0,0,0,1,0,1,0
144,144,30.0,28.69,3.0,20745.9891,0,0,1,0,0,0,0,1,0,0,1
145,145,29.0,38.83,3.0,5138.2567,0,0,0,1,0,0,1,0,0,1,0
146,146,46.0,30.495,3.0,40720.55105,0,0,1,0,0,0,0,1,0,0,1
147,147,51.0,37.73,1.0,9877.6077,1,0,0,0,0,0,1,0,0,1,0
148,148,53.0,37.43,0.0,10959.6947,0,0,1,0,0,0,1,0,0,1,0
149,149,19.0,28.4,1.0,1842.519,1,0,0,0,0,0,0,1,0,1,0
150,150,35.0,24.13,1.0,13311.265686102104,0,0,1,0,0,1,0,0,0,1,0
151,151,48.0,29.7,0.0,7789.635,0,0,0,1,0,0,0,1,0,1,0
152,152,32.0,37.145,3.0,6334.34355,0,1,0,0,0,0,1,0,0,1,0
153,153,42.0,23.37,0.0,19964.7463,0,1,0,0,0,0,1,0,0,0,1
154,154,40.0,25.46,1.0,7077.1894,0,1,0,0,0,0,1,0,0,1,0
155,155,44.0,39.52,0.0,6948.7008,0,0,1,0,0,0,0,1,0,1,0
156,156,48.0,24.42,0.0,21223.6758,0,0,0,1,0,1,0,0,0,0,1
157,157,18.0,25.175,0.0,15518.18025,0,1,0,0,0,0,0,1,1,0,0
158,158,30.0,35.53,0.0,36950.2567,1,0,0,0,0,0,0,1,0,0,1
159,159,50.0,27.83,3.0,19749.383380000003,0,0,0,1,0,0,1,0,0,1,0
160,160,42.0,26.6,0.0,21348.706,0,0,1,0,0,0,1,0,0,0,1
161,161,18.0,36.85,0.0,36149.4835,0,0,0,1,0,0,1,0,0,0,1
162,162,54.0,39.6,1.0,10450.552,0,0,0,0,1,0,0,1,0,1,0
163,163,32.0,29.8,2.0,5152.134,0,0,0,0,1,0,1,0,0,1,0
164,164,37.0,29.64,0.0,5028.1466,0,0,1,0,0,0,0,1,0,1,0
165,165,47.0,28.215,4.0,10407.08585,0,1,0,0,0,0,0,1,0,1,0
166,166,20.0,37.0,5.0,13311.265686102104,0,0,0,0,1,0,1,0,0,1,0
167,167,32.0,33.155,3.0,6128.79745,0,0,1,0,0,0,1,0,0,1,0
168,168,19.0,31.825,1.0,2719.27975,0,0,1,0,0,0,1,0,0,1,0
169,169,27.0,18.905,3.0,4827.90495,0,1,0,0,0,0,0,1,0,1,0
170,170,63.0,41.47,0.0,13405.3903,0,0,0,1,0,0,0,1,0,1,0
171,171,49.0,30.631379032258067,0.0,8116.68,0,0,0,0,1,0,0,1,0,1,0
172,172,18.0,30.631379032258067,0.0,1694.7964,0,1,0,0,0,0,0,1,0,1,0
173,173,35.0,34.8,1.0,5246.047,0,0,0,0,1,0,1,0,0,1,0
174,174,24.0,33.345,0.0,2855.43755,0,0,1,0,0,0,1,0,1,0,0
175,175,63.0,30.631379032258067,0.0,48824.45,0,0,0,0,1,0,1,0,0,0,1
176,176,38.0,27.835,2.0,6455.86265,0,0,1,0,0,0,0,1,0,1,0
177,177,54.0,29.2,1.0,10436.096,1,0,0,0,0,0,0,1,0,1,0
178,178,46.0,28.9,2.0,8823.279,0,0,0,0,1,0,1,0,0,1,0
179,179,41.0,33.155,3.0,8538.28845,0,1,0,0,0,0,1,0,0,1,0
180,180,58.0,28.595,0.0,11735.87905,0,0,1,0,0,0,0,1,0,1,0
181,181,18.0,38.28,0.0,1631.8212,1,0,0,0,0,0,1,0,0,1,0
182,182,22.0,19.95,3.0,4005.4225,0,1,0,0,0,0,0,1,0,1,0
183,183,44.0,26.41,0.0,7419.4779,0,0,1,0,0,0,1,0,0,1,0
184,184,44.0,30.69,2.0,7731.4271,1,0,0,0,0,0,0,1,0,1,0
185,185,36.0,41.895,3.0,43753.33705,0,1,0,0,0,0,0,1,0,0,1
186,186,26.0,29.92,2.0,3981.9768,0,0,0,1,0,0,1,0,0,1,0
187,187,30.0,30.9,3.0,5325.651,1,0,0,0,0,0,1,0,0,1,0
188,188,41.0,32.2,1.0,6775.960999999999,0,0,0,0,1,1,0,0,0,1,0
189,189,29.0,32.11,2.0,4922.9159,0,0,1,0,0,0,1,0,0,1,0
190,190,61.0,31.57,0.0,12557.6053,0,0,0,1,0,0,0,1,0,1,0
191,191,36.0,30.631379032258067,0.0,4883.866,0,0,0,0,1,0,1,0,0,1,0
192,192,25.0,25.74,0.0,2137.6536,0,0,0,1,0,0,0,1,0,1,0
193,193,56.0,26.6,1.0,12044.342,1,0,0,0,0,0,1,0,0,1,0
194,194,18.0,34.43,0.0,1137.4697,0,0,0,1,0,0,0,1,0,1,0
195,195,19.0,30.59,0.0,1639.5631,0,0,1,0,0,1,0,0,0,1,0
196,196,39.0,32.8,0.0,5649.715,0,0,0,0,1,0,1,0,0,1,0
197,197,45.0,28.6,2.0,8516.829,0,0,0,1,0,0,1,0,0,1,0
198,198,51.0,18.05,0.0,9644.2525,0,0,1,0,0,0,1,0,0,1,0
199,199,64.0,39.33,0.0,14901.5167,0,1,0,0,0,0,1,0,0,1,0
200,200,19.0,32.11,0.0,2130.6759,0,0,1,0,0,0,1,0,0,1,0
201,201,48.0,30.631379032258067,1.0,13311.265686102104,0,0,0,1,0,0,1,0,0,1,0
202,202,60.0,24.035,0.0,13012.20865,0,0,1,0,0,0,1,0,0,1,0
203,203,27.0,36.08,0.0,37133.8982,0,0,0,1,0,0,1,0,0,0,1
204,204,39.0,22.3,0.0,7147.105,0,0,0,0,1,0,0,1,0,1,0
205,205,28.0,28.88,1.0,4337.7352,0,1,0,0,0,0,1,0,0,1,0
206,206,59.0,26.4,0.0,11743.299,0,0,0,1,0,0,0,1,0,1,0
207,207,35.0,27.74,2.0,20984.0936,0,1,0,0,0,0,0,1,0,0,1
208,208,63.0,31.8,0.0,13880.949,0,0,0,0,1,0,1,0,0,1,0
209,209,40.0,41.23,1.0,6610.1097,0,1,0,0,0,0,0,1,0,1,0
210,210,20.0,33.0,1.0,1980.07,0,0,0,0,1,0,0,1,0,1,0
211,211,40.0,30.875,4.0,8162.71625,0,0,1,0,0,0,0,1,0,1,0
212,212,24.0,28.5,2.0,3537.703,0,0,1,0,0,0,0,1,0,1,0
213,213,34.0,26.73,1.0,5002.7827,0,0,0,1,0,0,1,0,0,1,0
214,214,45.0,30.9,2.0,8520.026,0,0,0,0,1,0,1,0,0,1,0
215,215,41.0,30.631379032258067,0.0,7371.772,0,0,0,0,1,0,1,0,0,1,0
216,216,53.0,26.6,0.0,13311.265686102104,0,0,1,0,0,0,1,0,0,1,0
217,217,27.0,23.1,0.0,2483.736,0,0,0,1,0,0,0,1,0,1,0
218,218,26.0,29.92,1.0,13311.265686102104,1,0,0,0,0,0,1,0,0,1,0
219,219,24.0,23.21,0.0,25081.76784,0,0,0,1,0,0,1,0,0,1,0
220,220,34.0,33.7,1.0,5012.471,0,0,0,0,1,0,1,0,0,1,0
221,221,53.0,33.25,0.0,10564.8845,0,1,0,0,0,0,1,0,0,1,0
222,222,32.0,30.8,3.0,5253.524,0,0,0,0,1,1,0,0,0,1,0
223,223,19.0,34.8,0.0,34779.615,0,0,0,0,1,0,0,1,0,0,1
224,224,42.0,30.631379032258067,0.0,19515.5416,0,0,0,1,0,0,0,1,0,0,1
225,225,55.0,33.88,3.0,11987.1682,0,0,0,1,0,0,0,1,0,1,0
226,226,28.0,38.06,0.0,2689.4954,0,0,0,1,0,0,0,1,0,1,0
227,227,58.0,41.91,0.0,24227.33724,0,0,0,1,0,0,1,0,0,1,0
228,228,41.0,31.635,1.0,7358.17565,0,1,0,0,0,0,1,0,0,1,0
229,229,47.0,25.46,2.0,9225.2564,1,0,0,0,0,0,0,1,0,1,0
230,230,42.0,36.195,1.0,13311.265686102104,0,0,1,0,0,1,0,0,0,1,0
231,231,59.0,27.83,0.0,14001.2867,0,0,0,1,0,0,1,0,0,1,0
232,232,19.0,17.8,0.0,1727.785,1,0,0,0,0,0,1,0,0,1,0
233,233,59.0,27.5,1.0,12333.828,0,0,0,0,1,0,0,1,0,1,0
234,234,39.0,24.51,2.0,6710.1919,0,0,1,0,0,0,0,1,0,1,0
235,235,40.0,22.22,2.0,19444.2658,0,0,0,1,0,0,1,0,0,0,1
236,236,18.0,26.73,0.0,1615.7667,0,0,0,1,0,0,1,0,0,1,0
237,237,31.0,38.39,2.0,13311.265686102104,0,0,0,1,0,0,0,1,0,1,0
238,238,19.0,29.07,0.0,17352.6803,0,0,1,0,0,0,0,1,0,0,1
239,239,44.0,38.06,1.0,7152.6714,0,0,0,1,0,0,0,1,0,1,0
240,240,23.0,36.67,2.0,38511.6283,0,1,0,0,0,1,0,0,0,0,1
241,241,33.0,22.135,1.0,5354.07465,0,1,0,0,0,0,1,0,0,1,0
242,242,55.0,26.8,1.0,35160.13457,0,0,0,0,1,0,1,0,0,1,0
243,243,40.0,35.3,3.0,7196.866999999999,0,0,0,0,1,0,0,1,0,1,0
244,244,63.0,27.74,0.0,29523.1656,0,1,0,0,0,0,1,0,0,0,1
245,245,54.0,30.02,0.0,24476.47851,0,0,1,0,0,0,0,1,0,1,0
246,246,60.0,38.06,0.0,12648.7034,0,0,0,1,0,1,0,0,0,1,0
247,247,24.0,35.86,0.0,1986.9334,0,0,0,1,0,0,0,1,0,1,0
248,248,19.0,30.631379032258067,1.0,1832.094,0,0,0,0,1,0,0,1,0,1,0
249,249,29.0,28.975,1.0,4040.55825,0,1,0,0,0,1,0,0,0,1,0
250,250,18.0,30.631379032258067,2.0,12829.4551,1,0,0,0,0,0,0,1,0,0,1
251,251,63.0,32.2,2.0,47305.305,0,0,0,0,1,1,0,0,0,0,1
252,252,54.0,34.21,2.0,44260.7499,0,0,0,1,0,0,0,1,0,0,1
253,253,27.0,30.3,3.0,4260.744000000001,0,0,0,0,1,0,0,1,0,1,0
254,254,50.0,31.825,0.0,41097.16175,0,1,0,0,0,0,0,1,0,0,1
255,255,55.0,25.365,3.0,13047.33235,0,1,0,0,0,0,1,0,0,1,0
256,256,56.0,33.63,0.0,43921.1837,0,0,1,0,0,0,0,1,0,0,1
257,257,38.0,40.15,0.0,5400.9805,0,0,0,1,0,0,1,0,0,1,0
258,258,51.0,24.415,4.0,11520.09985,0,0,1,0,0,0,0,1,0,1,0
259,259,19.0,31.92,0.0,33750.2918,0,0,1,0,0,0,0,1,0,0,1
260,260,58.0,25.2,0.0,11837.16,0,0,0,0,1,0,1,0,1,0,0
261,261,20.0,26.84,1.0,17085.2676,0,0,0,1,0,0,1,0,0,0,1
262,262,52.0,24.32,3.0,24869.8368,0,1,0,0,0,0,0,1,0,0,1
263,263,19.0,36.955,0.0,36219.40545,0,0,1,0,0,0,0,1,0,0,1
264,264,53.0,38.06,3.0,20462.99766,0,0,0,1,0,0,1,0,0,1,0
265,265,46.0,42.35,3.0,46151.1245,1,0,0,0,0,0,0,1,0,0,1
266,266,40.0,19.8,1.0,17179.522,0,0,0,1,0,0,0,1,0,0,1
267,267,59.0,32.395,3.0,14590.63205,0,1,0,0,0,0,1,0,1,0,0
268,268,45.0,30.2,1.0,7441.053000000001,0,0,0,0,1,0,0,1,0,1,0
269,269,49.0,25.84,1.0,9282.4806,0,1,0,0,0,0,0,1,0,1,0
270,270,18.0,29.37,1.0,1719.4363,0,0,0,1,0,0,0,1,0,1,0
271,271,50.0,34.2,2.0,42856.838,0,0,0,0,1,0,0,1,0,0,1
272,272,41.0,37.05,2.0,7265.7025,0,0,1,0,0,0,0,1,0,1,0
273,273,50.0,27.455,1.0,9617.66245,1,0,0,0,0,1,0,0,0,1,0
274,274,25.0,27.55,0.0,2523.1695,1,0,0,0,0,0,0,1,0,1,0
275,275,47.0,26.6,2.0,9715.841,0,1,0,0,0,1,0,0,0,1,0
276,276,19.0,20.615,0.0,2803.69785,0,0,1,0,0,0,0,1,1,0,0
277,277,22.0,24.3,0.0,2150.469,1,0,0,0,0,0,1,0,0,1,0
278,278,59.0,31.79,2.0,12928.7911,0,0,0,1,0,0,0,1,1,0,0
279,279,51.0,21.56,1.0,9855.1314,0,0,0,1,0,0,1,0,0,1,0
280,280,40.0,28.12,1.0,22331.5668,0,1,0,0,0,0,1,0,0,0,1
281,281,54.0,40.565,3.0,48549.17835,0,1,0,0,0,0,0,1,0,0,1
282,282,30.0,27.645,1.0,4237.12655,0,1,0,0,0,0,0,1,0,1,0
283,283,55.0,32.395,1.0,11879.10405,0,1,0,0,0,0,1,0,0,1,0
284,284,52.0,31.2,0.0,9625.92,0,0,0,0,1,0,1,0,0,1,0
285,285,46.0,26.62,1.0,7742.1098,0,0,0,1,0,0,0,1,0,1,0
286,286,46.0,48.07,2.0,9432.9253,0,1,0,0,0,0,1,0,0,1,0
287,287,63.0,26.22,0.0,14256.1928,0,0,1,0,0,0,1,0,0,1,0
288,288,59.0,36.765,1.0,47896.79135,0,1,0,0,0,0,1,0,0,0,1
289,289,52.0,26.4,3.0,25992.82104,1,0,0,0,0,0,0,1,0,1,0
290,290,28.0,33.4,0.0,3172.018,0,0,0,0,1,0,1,0,0,1,0
291,291,29.0,29.64,1.0,20277.80751,0,1,0,0,0,0,0,1,0,1,0
292,292,25.0,45.54,2.0,42112.2356,0,0,0,1,0,0,0,1,0,0,1
293,293,22.0,28.82,0.0,2156.7518,0,0,0,1,0,0,1,0,0,1,0
294,294,25.0,30.631379032258067,3.0,3906.127,0,0,0,0,1,0,0,1,0,1,0
295,295,18.0,22.99,0.0,1704.5681,0,1,0,0,0,0,0,1,0,1,0
296,296,19.0,27.7,0.0,16297.846,0,0,0,0,1,0,0,1,0,0,1
297,297,47.0,25.41,1.0,21978.6769,0,0,0,1,0,0,0,1,0,0,1
298,298,31.0,34.39,0.0,38746.3551,0,0,1,0,0,1,0,0,0,0,1
299,299,48.0,28.88,1.0,9249.4952,0,0,1,0,0,0,1,0,0,1,0
300,300,36.0,27.55,3.0,6746.7425,0,1,0,0,0,0,0,1,0,1,0
301,301,53.0,22.61,3.0,24873.3849,0,1,0,0,0,0,1,0,0,0,1
302,302,56.0,37.51,2.0,12265.5069,0,0,0,1,0,0,1,0,0,1,0
303,303,28.0,33.0,2.0,4349.462,0,0,0,1,0,0,1,0,0,1,0
304,304,57.0,38.0,2.0,12646.207,0,0,0,0,1,0,1,0,0,1,0
305,305,29.0,33.345,2.0,19442.3535,0,0,1,0,0,0,0,1,0,1,0
306,306,28.0,27.5,0.0,20177.67113,0,0,0,0,1,0,1,0,0,1,0
307,307,30.0,30.631379032258067,1.0,4151.0287,0,0,0,1,0,0,1,0,0,1,0
308,308,58.0,34.865,0.0,11944.59435,0,1,0,0,0,0,0,1,0,1,0
309,309,41.0,33.06,2.0,7749.1564,0,0,1,0,0,0,1,0,0,1,0
310,310,50.0,26.6,0.0,8444.474,0,0,0,0,1,0,0,1,0,1,0
311,311,19.0,24.7,0.0,1737.376,0,0,0,0,1,0,1,0,0,1,0
312,312,43.0,35.97,3.0,42124.5153,0,0,0,1,0,0,0,1,0,0,1
313,313,49.0,35.86,0.0,8124.4084,0,0,0,1,0,0,0,1,1,0,0
314,314,27.0,31.4,0.0,34838.873,0,0,0,0,1,0,1,0,0,0,1
315,315,52.0,33.25,0.0,9722.7695,1,0,0,0,0,0,0,1,0,1,0
316,316,50.0,32.205,0.0,8835.26495,0,0,1,0,0,0,0,1,1,0,0
317,317,54.0,32.775,0.0,10435.06525,0,1,0,0,0,0,0,1,0,1,0
318,318,44.0,27.645,0.0,13311.265686102104,1,0,0,0,0,0,1,0,0,1,0
319,319,32.0,37.335,1.0,4667.60765,0,1,0,0,0,0,0,1,1,0,0
320,320,34.0,25.27,1.0,4894.7533,0,0,1,0,0,1,0,0,0,1,0
321,321,26.0,29.64,4.0,13311.265686102104,0,1,0,0,0,0,1,0,0,1,0
322,322,34.0,30.8,0.0,35491.64,0,0,0,0,1,0,0,1,0,0,1
323,323,57.0,40.945,0.0,11566.30055,0,1,0,0,0,0,0,1,0,1,0
324,324,29.0,27.2,0.0,2866.091,1,0,0,0,0,0,0,1,0,1,0
325,325,40.0,34.105,1.0,6600.20595,0,1,0,0,0,0,0,1,0,1,0
326,326,27.0,23.21,1.0,3561.8889,0,0,0,1,0,0,1,0,0,1,0
327,327,45.0,36.48,2.0,42760.5022,0,0,1,0,0,0,0,1,0,0,1
328,328,64.0,33.8,0.0,47928.03,0,0,0,0,1,0,1,0,0,0,1
329,329,52.0,36.7,0.0,9144.565,0,0,0,0,1,0,0,1,0,1,0
330,330,61.0,36.385,1.0,48517.56315,1,0,0,0,0,0,1,0,0,0,1
331,331,52.0,27.36,0.0,24393.6224,0,0,1,0,0,0,0,1,1,0,0
332,332,61.0,31.16,0.0,13429.0354,0,0,1,0,0,0,1,0,0,1,0
333,333,56.0,28.785,0.0,11658.37915,0,1,0,0,0,0,1,0,0,1,0
334,334,43.0,35.72,2.0,13311.265686102104,0,1,0,0,0,0,1,0,0,1,0
335,335,64.0,34.5,0.0,13822.803,0,0,0,0,1,0,0,1,0,1,0
336,336,60.0,25.74,0.0,12142.5786,0,0,0,1,0,0,0,1,0,1,0
337,337,62.0,27.55,1.0,13937.6665,0,0,1,0,0,0,0,1,0,1,0
338,338,50.0,32.3,1.0,41919.097,0,1,0,0,0,0,0,1,0,0,1
339,339,46.0,27.72,1.0,13311.265686102104,0,0,0,1,0,0,1,0,0,1,0
340,340,24.0,27.6,0.0,18955.22017,0,0,0,0,1,0,1,0,0,1,0
341,341,62.0,30.02,0.0,13352.0998,0,0,1,0,0,0,0,1,0,1,0
342,342,60.0,30.631379032258067,0.0,13217.0945,0,1,0,0,0,0,1,0,0,1,0
343,343,63.0,36.765,0.0,13981.85035,0,1,0,0,0,0,0,1,0,1,0
344,344,49.0,41.47,4.0,10977.2063,0,0,0,1,0,0,1,0,0,1,0
345,345,34.0,29.26,3.0,6184.2994,0,0,0,1,0,0,1,0,0,1,0
346,346,33.0,35.75,2.0,4889.9995,0,0,0,1,0,0,0,1,0,1,0
347,347,46.0,33.345,1.0,13311.265686102104,1,0,0,0,0,0,0,1,0,1,0
348,348,36.0,29.92,1.0,5478.0368,0,0,0,1,0,1,0,0,0,1,0
349,349,19.0,27.835,0.0,1635.73365,0,0,1,0,0,0,0,1,0,1,0
350,350,57.0,23.18,0.0,11830.6072,0,0,1,0,0,0,1,0,0,1,0
351,351,50.0,25.6,0.0,8932.084,0,0,0,0,1,0,1,0,0,1,0
352,352,30.0,27.7,0.0,3554.203,0,0,0,0,1,0,1,0,0,1,0
353,353,33.0,35.245,0.0,12404.8791,0,1,0,0,0,0,0,1,0,1,0
354,354,18.0,38.28,0.0,14133.03775,0,0,0,1,0,0,1,0,0,1,0
355,355,46.0,27.6,0.0,24603.04837,0,0,0,0,1,0,0,1,0,1,0
356,356,46.0,43.89,3.0,8944.1151,0,0,0,1,0,0,0,1,0,1,0
357,357,47.0,29.83,3.0,9620.3307,0,0,1,0,0,0,0,1,1,0,0
358,358,23.0,41.91,0.0,1837.2819,0,0,0,1,0,0,0,1,0,1,0
359,359,18.0,20.79,0.0,1607.5101,0,0,0,1,0,0,1,0,0,1,0
360,360,48.0,32.3,2.0,10043.249,0,1,0,0,0,0,1,0,0,1,0
361,361,35.0,30.5,1.0,4751.07,0,0,0,0,1,0,0,1,0,1,0
362,362,19.0,21.7,0.0,13844.506,0,0,0,0,1,0,1,0,0,0,1
363,363,21.0,26.4,1.0,2597.779,0,0,0,0,1,0,1,0,0,1,0
364,364,21.0,21.89,2.0,3180.5101,0,0,0,1,0,0,1,0,0,1,0
365,365,49.0,30.78,1.0,9778.3472,0,1,0,0,0,0,1,0,0,1,0
366,366,56.0,32.3,3.0,13430.265,0,1,0,0,0,0,1,0,0,1,0
367,367,42.0,24.985,2.0,8017.06115,0,0,1,0,0,0,1,0,0,1,0
368,368,44.0,32.015,2.0,8116.26885,1,0,0,0,0,0,0,1,0,1,0
369,369,18.0,30.4,3.0,3481.868,0,1,0,0,0,0,0,1,0,1,0
370,370,61.0,21.09,0.0,13415.0381,0,0,1,0,0,0,1,0,0,1,0
371,371,57.0,22.23,0.0,12029.2867,1,0,0,0,0,0,1,0,0,1,0
372,372,42.0,33.155,1.0,7639.41745,0,1,0,0,0,0,1,0,0,1,0
373,373,26.0,32.9,2.0,36085.219,0,0,0,0,1,0,0,1,0,0,1
374,374,20.0,33.33,0.0,1391.5287,0,0,0,1,0,0,0,1,0,1,0
375,375,23.0,28.31,0.0,18033.9679,0,0,1,0,0,0,1,0,0,0,1
376,376,39.0,24.89,3.0,21659.9301,0,1,0,0,0,0,1,0,0,0,1
377,377,24.0,40.15,0.0,38126.2465,0,0,0,1,0,0,0,1,0,0,1
378,378,64.0,30.115,3.0,16455.70785,1,0,0,0,0,0,1,0,0,1,0
379,379,62.0,30.631379032258067,1.0,27000.98473,0,0,0,1,0,1,0,0,0,1,0
380,380,27.0,17.955,2.0,15006.57945,0,1,0,0,0,0,1,0,0,0,1
381,381,55.0,30.685,0.0,42303.69215,0,1,0,0,0,0,0,1,0,0,1
382,382,55.0,33.0,0.0,20781.48892,0,0,0,1,0,0,0,1,0,1,0
383,383,35.0,43.34,2.0,5846.9176,0,0,0,1,0,0,1,0,0,1,0
384,384,44.0,22.135,2.0,8302.53565,0,1,0,0,0,0,0,1,0,1,0
385,385,19.0,30.631379032258067,0.0,1261.859,0,0,0,0,1,1,0,0,0,1,0
386,386,58.0,39.05,0.0,11856.4115,0,0,0,1,0,0,1,0,0,1,0
387,387,50.0,25.365,2.0,30284.64294,0,0,1,0,0,0,0,1,0,1,0
388,388,26.0,22.61,0.0,3176.8159,0,0,1,0,0,0,1,0,0,1,0
389,389,24.0,30.21,3.0,4618.0799,0,0,1,0,0,0,1,0,0,1,0
390,390,48.0,35.625,4.0,10736.87075,0,1,0,0,0,0,0,1,0,1,0
391,391,19.0,37.43,0.0,2138.0707,0,0,1,0,0,0,1,0,0,1,0
392,392,48.0,31.445,1.0,8964.06055,0,1,0,0,0,0,0,1,0,1,0
393,393,49.0,31.35,1.0,9290.1395,0,1,0,0,0,0,0,1,0,1,0
394,394,46.0,32.3,2.0,9411.005,1,0,0,0,0,0,1,0,0,1,0
395,395,46.0,19.855,0.0,7526.70645,0,0,1,0,0,0,0,1,0,1,0
396,396,43.0,34.4,3.0,8522.003,0,0,0,0,1,0,1,0,1,0,0
397,397,21.0,31.02,0.0,16586.49771,0,0,0,1,0,0,0,1,0,1,0
398,398,64.0,25.6,2.0,14988.432,0,0,0,0,1,0,0,1,0,1,0
399,399,18.0,38.17,0.0,1631.6683,0,0,0,1,0,0,1,0,0,1,0
400,400,51.0,20.6,0.0,9264.797,0,0,0,0,1,0,1,0,0,1,0
401,401,47.0,47.52,1.0,13311.265686102104,0,0,0,1,0,0,0,1,0,1,0
402,402,64.0,32.965,0.0,14692.66935,0,0,1,0,0,0,1,0,0,1,0
403,403,49.0,32.3,3.0,10269.46,0,0,1,0,0,0,0,1,0,1,0
404,404,31.0,20.4,0.0,3260.199,0,0,0,0,1,0,0,1,0,1,0
405,405,52.0,38.38,0.0,11396.9002,0,1,0,0,0,1,0,0,0,1,0
406,406,33.0,24.31,0.0,4185.0979,0,0,0,1,0,0,1,0,0,1,0
407,407,47.0,23.6,0.0,8539.671,1,0,0,0,0,0,1,0,0,1,0
408,408,38.0,21.12,3.0,6652.5288,0,0,0,1,0,0,0,1,0,1,0
409,409,32.0,30.03,1.0,4074.4537,0,0,0,1,0,0,0,1,0,1,0
410,410,19.0,30.631379032258067,0.0,1621.3402,0,0,1,0,0,0,0,1,0,1,0
411,411,44.0,20.235,1.0,19594.80965,0,1,0,0,0,0,1,0,0,0,1
412,412,26.0,17.195,2.0,14455.64405,1,0,0,0,0,0,1,0,0,0,1
413,413,25.0,23.9,5.0,5080.096,1,0,0,0,0,0,0,1,0,1,0
414,414,19.0,35.15,0.0,2134.9015,0,0,1,0,0,0,1,0,0,1,0
415,415,43.0,35.64,1.0,7345.7266,0,0,0,1,0,0,1,0,0,1,0
416,416,52.0,34.1,0.0,9140.951,0,0,0,1,0,0,0,1,0,1,0
417,417,36.0,30.631379032258067,2.0,18608.262,0,0,0,0,1,0,1,0,0,0,1
418,418,64.0,39.16,1.0,14418.2804,0,0,0,1,0,0,0,1,0,1,0
419,419,63.0,26.98,0.0,28950.4692,1,0,0,0,0,0,1,0,0,0,1
420,420,64.0,33.88,0.0,46889.2612,0,0,0,1,0,1,0,0,0,0,1
421,421,61.0,35.86,0.0,46599.1084,0,0,0,1,0,0,0,1,0,0,1
422,422,40.0,32.775,1.0,39125.33225,0,1,0,0,0,0,0,1,0,0,1
423,423,25.0,30.59,0.0,2727.3951,0,1,0,0,0,0,0,1,0,1,0
424,424,48.0,30.2,2.0,8968.33,0,0,0,0,1,0,0,1,0,1,0
425,425,45.0,24.31,5.0,9788.8659,1,0,0,0,0,0,0,1,0,1,0
426,426,38.0,27.265,1.0,6555.07035,0,1,0,0,0,0,1,0,0,1,0
427,427,18.0,29.165,0.0,7323.734818999999,0,1,0,0,0,0,1,0,0,1,0
428,428,21.0,16.815,0.0,3167.45585,0,1,0,0,0,0,1,0,0,1,0
429,429,27.0,30.4,3.0,18804.7524,0,0,1,0,0,0,1,0,0,1,0
430,430,19.0,30.631379032258067,0.0,23082.95533,0,0,0,0,1,0,0,1,0,1,0
431,431,29.0,20.235,2.0,4906.40965,0,0,1,0,0,0,1,0,0,1,0
432,432,42.0,26.9,0.0,5969.723000000001,0,0,0,0,1,0,0,1,1,0,0
433,433,60.0,30.5,0.0,12638.195,0,0,0,0,1,0,1,0,0,1,0
434,434,31.0,28.595,1.0,4243.59005,0,0,1,0,0,0,0,1,0,1,0
435,435,60.0,33.11,3.0,13919.8229,0,0,0,1,0,0,0,1,0,1,0
436,436,22.0,31.73,0.0,2254.7967,0,1,0,0,0,0,0,1,0,1,0
437,437,35.0,30.631379032258067,3.0,5926.846,0,0,0,0,1,0,0,1,0,1,0
438,438,52.0,46.75,5.0,12592.5345,0,0,0,1,0,0,1,0,0,1,0
439,439,26.0,29.45,0.0,2897.3235,1,0,0,0,0,0,0,1,0,1,0
440,440,31.0,32.68,1.0,4738.2682,1,0,0,0,0,0,1,0,0,1,0
441,441,33.0,33.5,0.0,37079.372,0,0,0,0,1,0,1,0,0,0,1
442,442,18.0,43.01,0.0,1149.3959,0,0,0,1,0,0,0,1,0,1,0
443,443,59.0,36.52,1.0,28287.89766,0,0,0,1,0,1,0,0,0,1,0
444,444,56.0,26.695,1.0,26109.32905,0,0,1,0,0,0,0,1,0,0,1
445,445,45.0,33.1,0.0,7345.084,0,0,0,0,1,0,1,0,0,1,0
446,446,60.0,29.64,0.0,12730.9996,0,1,0,0,0,0,0,1,0,1,0
447,447,56.0,25.65,0.0,11454.0215,0,0,1,0,0,0,1,0,0,1,0
448,448,40.0,29.6,0.0,5910.944,0,0,0,0,1,0,1,0,0,1,0
449,449,35.0,38.6,1.0,4762.329000000001,0,0,0,0,1,0,0,1,0,1,0
450,450,39.0,29.6,4.0,7512.267,0,0,0,0,1,0,0,1,0,1,0
451,451,30.0,24.13,1.0,4032.2407,0,0,1,0,0,0,0,1,0,1,0
452,452,24.0,23.4,0.0,1969.614,0,0,0,0,1,0,0,1,0,1,0
453,453,20.0,30.631379032258067,0.0,1769.53165,0,0,1,0,0,0,0,1,0,1,0
454,454,32.0,46.53,2.0,4686.3887,0,0,0,1,0,0,0,1,0,1,0
455,455,59.0,37.4,0.0,21797.0004,0,0,0,0,1,0,0,1,0,1,0
456,456,55.0,30.14,2.0,11881.9696,0,0,0,1,0,0,1,0,0,1,0
457,457,57.0,30.495,0.0,11840.77505,0,0,1,0,0,0,1,0,0,1,0
458,458,56.0,39.6,0.0,10601.412,0,0,0,0,1,0,0,1,0,1,0
459,459,40.0,33.0,3.0,7682.67,0,0,0,1,0,0,1,0,0,1,0
460,460,49.0,36.63,3.0,10381.4787,1,0,0,0,0,0,1,0,0,1,0
461,461,42.0,30.0,0.0,22144.032000000003,0,0,0,0,1,0,0,1,1,0,0
462,462,62.0,38.095,2.0,15230.32405,0,1,0,0,0,0,1,0,0,1,0
463,463,56.0,25.935,0.0,11165.41765,0,1,0,0,0,0,0,1,0,1,0
464,464,19.0,25.175,0.0,1632.03625,0,0,1,0,0,0,0,1,0,1,0
465,465,30.0,28.38,1.0,19521.9682,0,0,0,1,0,0,1,0,0,0,1
466,466,60.0,28.7,1.0,13224.693,0,0,0,0,1,0,1,0,0,1,0
467,467,56.0,33.82,0.0,12643.3778,0,0,1,0,0,1,0,0,0,1,0
468,468,28.0,24.32,1.0,23288.9284,0,1,0,0,0,0,1,0,0,1,0
469,469,18.0,24.09,1.0,2201.0971,0,0,0,1,0,0,1,0,0,1,0
470,470,27.0,32.67,0.0,2497.0383,0,0,0,1,0,0,0,1,0,1,0
471,471,18.0,30.115,0.0,2203.47185,0,1,0,0,0,0,1,0,0,1,0
472,472,19.0,29.8,0.0,1744.465,0,0,0,0,1,0,1,0,0,1,0
473,473,47.0,33.345,0.0,20878.78443,0,1,0,0,0,0,1,0,0,1,0
474,474,54.0,25.1,3.0,25382.297,1,0,0,0,0,0,0,1,0,0,1
475,475,61.0,28.31,1.0,28868.6639,0,0,1,0,0,0,0,1,0,0,1
476,476,24.0,28.5,0.0,35147.52848,0,1,0,0,0,0,0,1,0,0,1
477,477,25.0,35.625,0.0,2534.39375,0,0,1,0,0,0,0,1,0,1,0
478,478,21.0,36.85,0.0,1534.3045,0,0,0,1,0,0,0,1,0,1,0
479,479,23.0,30.631379032258067,0.0,1824.2854,0,0,0,1,0,0,0,1,0,1,0
480,480,63.0,41.325,3.0,15555.18875,0,0,1,0,0,0,0,1,0,1,0
481,481,49.0,37.51,2.0,9304.7019,0,0,0,1,0,0,0,1,0,1,0
482,482,18.0,31.35,0.0,13311.265686102104,1,0,0,0,0,0,1,0,0,1,0
483,483,51.0,30.631379032258067,1.0,9880.068,0,0,0,0,1,0,1,0,0,1,0
484,484,48.0,34.3,3.0,9563.029,0,0,0,0,1,0,0,1,0,1,0
485,485,31.0,31.065,0.0,4347.02335,0,1,0,0,0,0,1,0,0,1,0
486,486,54.0,30.631379032258067,3.0,12475.3513,0,0,1,0,0,0,1,0,0,1,0
487,487,19.0,28.7,0.0,1253.936,0,0,0,0,1,0,0,1,0,1,0
488,488,44.0,38.06,0.0,48885.135610000005,0,0,0,1,0,0,1,0,0,0,1
489,489,53.0,31.16,1.0,10461.9794,0,0,1,0,0,0,0,1,0,1,0
490,490,19.0,32.9,0.0,1748.774,0,0,0,0,1,0,1,0,0,1,0
491,491,61.0,25.08,0.0,24513.09126,0,0,0,1,0,1,0,0,0,1,0
492,492,18.0,25.08,0.0,2196.4732,0,1,0,0,0,0,1,0,0,1,0
493,493,61.0,43.4,0.0,12574.049,0,0,0,0,1,0,0,1,1,0,0
494,494,21.0,25.7,4.0,13311.265686102104,0,0,0,0,1,0,0,1,0,0,1
495,495,20.0,27.93,0.0,1967.0227,0,1,0,0,0,0,0,1,0,1,0
496,496,31.0,30.631379032258067,2.0,4931.647,0,0,0,0,1,0,1,0,0,1,0
497,497,45.0,28.7,2.0,8027.968000000001,0,0,0,0,1,0,0,1,0,1,0
498,498,44.0,23.98,2.0,8211.1002,0,0,0,1,0,0,1,0,0,1,0
499,499,62.0,30.631379032258067,0.0,13470.86,0,0,0,0,1,1,0,0,0,1,0
500,500,29.0,30.631379032258067,0.0,13311.265686102104,0,0,0,0,1,0,0,1,0,0,1
501,501,43.0,26.03,0.0,6837.3687,0,1,0,0,0,0,0,1,0,1,0
502,502,51.0,23.21,1.0,22218.1149,0,0,0,1,0,0,0,1,0,0,1
503,503,19.0,30.25,0.0,13311.265686102104,0,0,0,1,0,0,0,1,0,0,1
504,504,38.0,28.93,1.0,5974.3847,1,0,0,0,0,0,1,0,0,1,0
505,505,37.0,30.875,3.0,6796.86325,0,0,1,0,0,0,0,1,0,1,0
506,506,22.0,31.35,1.0,2643.2685,0,0,1,0,0,0,0,1,0,1,0
507,507,21.0,23.75,2.0,3077.0955,0,0,1,0,0,1,0,0,0,1,0
508,508,24.0,25.27,0.0,3044.2133,0,1,0,0,0,0,1,0,0,1,0
509,509,57.0,28.7,0.0,11455.28,0,0,0,0,1,0,1,0,0,1,0
510,510,56.0,32.11,1.0,13311.265686102104,0,1,0,0,0,0,0,1,0,1,0
511,511,27.0,30.631379032258067,0.0,13311.265686102104,0,0,0,1,0,0,0,1,0,1,0
512,512,51.0,22.42,0.0,9361.3268,0,1,0,0,0,0,0,1,0,1,0
513,513,19.0,30.4,0.0,1256.299,0,0,0,0,1,0,0,1,0,1,0
514,514,39.0,28.3,1.0,21082.16,0,0,0,0,1,0,0,1,0,0,1
515,515,58.0,35.7,0.0,11362.755,1,0,0,0,0,0,0,1,0,1,0
516,516,20.0,35.31,1.0,27724.28875,0,0,0,1,0,0,0,1,0,1,0
517,517,45.0,30.495,2.0,8413.46305,0,0,1,0,0,0,0,1,0,1,0
518,518,35.0,31.0,1.0,5240.765,0,0,0,0,1,0,1,0,0,1,0
519,519,31.0,30.875,0.0,3857.75925,0,1,0,0,0,0,0,1,1,0,0
520,520,50.0,27.36,0.0,25656.57526,0,1,0,0,0,1,0,0,0,1,0
521,521,32.0,44.22,0.0,3994.1778,0,0,0,1,0,0,1,0,0,1,0
522,522,51.0,33.915,0.0,9866.30485,0,1,0,0,0,0,1,0,0,1,0
523,523,38.0,37.73,0.0,5397.6167,0,0,0,1,0,0,1,0,1,0,0
524,524,42.0,26.07,1.0,38245.59327,0,0,0,1,0,0,0,1,0,0,1
525,525,18.0,33.88,0.0,11482.63485,0,0,0,1,0,0,1,0,0,1,0
526,526,19.0,30.59,2.0,24059.68019,0,0,1,0,0,0,1,0,0,1,0
527,527,39.0,25.8,1.0,9861.025,0,0,0,0,1,0,1,0,0,1,0
528,528,46.0,39.425,1.0,8342.90875,0,1,0,0,0,0,0,1,0,1,0
529,529,18.0,25.46,0.0,1708.0014,0,1,0,0,0,0,0,1,0,1,0
530,530,57.0,42.13,1.0,48675.5177,1,0,0,0,0,0,0,1,0,0,1
531,531,62.0,31.73,0.0,14043.4767,1,0,0,0,0,0,1,0,0,1,0
532,532,59.0,29.7,2.0,12925.886,1,0,0,0,0,0,0,1,0,1,0
533,533,37.0,36.19,0.0,19214.705530000003,0,0,0,1,0,0,0,1,0,1,0
534,534,64.0,40.48,0.0,13831.1152,0,0,0,1,0,0,0,1,0,1,0
535,535,38.0,28.025,1.0,6067.12675,0,1,0,0,0,0,0,1,0,1,0
536,536,33.0,30.631379032258067,3.0,5972.378000000001,0,0,0,0,1,0,1,0,0,1,0
537,537,46.0,30.2,2.0,8825.086,0,0,0,0,1,0,1,0,1,0,0
538,538,46.0,30.631379032258067,1.0,8233.0975,0,0,0,1,0,0,1,0,0,1,0
539,539,53.0,31.35,0.0,27346.04207,0,0,0,1,0,0,0,1,0,1,0
540,540,34.0,38.0,0.0,6196.448,0,0,0,0,1,0,1,0,0,1,0
541,541,20.0,31.79,2.0,3056.3881,0,0,0,1,0,0,1,0,0,1,0
542,542,63.0,36.3,0.0,13887.204,0,0,0,1,0,0,1,0,0,1,0
543,543,54.0,47.41,0.0,63770.42801,0,0,0,1,0,0,1,0,0,0,1
544,544,54.0,30.21,0.0,10231.4999,0,0,1,0,0,0,0,1,0,1,0
545,545,49.0,25.84,2.0,23807.2406,0,0,1,0,0,0,0,1,0,0,1
546,546,28.0,35.435,0.0,3268.84665,0,1,0,0,0,0,0,1,0,1,0
547,547,54.0,46.7,2.0,13311.265686102104,0,0,0,0,1,1,0,0,0,1,0
548,548,25.0,28.595,0.0,3213.62205,0,1,0,0,0,0,1,0,0,1,0
549,549,43.0,46.2,0.0,45863.205,0,0,0,1,0,1,0,0,0,0,1
550,550,63.0,30.8,0.0,13390.559,0,0,0,0,1,0,0,1,0,1,0
551,551,32.0,28.93,0.0,3972.9247,0,0,0,1,0,1,0,0,0,1,0
552,552,62.0,21.4,0.0,13311.265686102104,0,0,0,0,1,0,0,1,0,1,0
553,553,52.0,31.73,2.0,11187.6567,0,0,1,0,0,0,1,0,1,0,0
554,554,25.0,41.325,0.0,17878.900680000002,0,1,0,0,0,0,1,0,0,1,0
555,555,28.0,30.631379032258067,2.0,3847.674,0,0,0,0,1,0,0,1,1,0,0
556,556,46.0,33.44,1.0,8334.5896,0,1,0,0,0,0,0,1,0,1,0
557,557,34.0,34.21,0.0,3935.1799,0,0,0,1,0,0,0,1,0,1,0
558,558,35.0,34.105,3.0,39983.42595,0,0,1,0,0,0,1,0,0,0,1
559,559,19.0,35.53,0.0,1646.4297,0,0,1,0,0,0,0,1,0,1,0
560,560,46.0,19.95,2.0,9193.8385,1,0,0,0,0,0,1,0,0,1,0
561,561,54.0,32.68,0.0,10923.9332,0,1,0,0,0,0,1,0,0,1,0
562,562,27.0,30.5,0.0,2494.022,0,0,0,0,1,0,0,1,0,1,0
563,563,50.0,44.77,1.0,9058.7303,0,0,0,1,0,0,0,1,0,1,0
564,564,18.0,30.631379032258067,2.0,2801.2588,0,0,0,1,0,0,1,0,0,1,0
565,565,19.0,30.495,0.0,2128.43105,0,0,1,0,0,0,1,0,0,1,0
566,566,38.0,30.631379032258067,1.0,6373.55735,0,0,1,0,0,0,1,0,0,1,0
567,567,41.0,30.59,2.0,7256.7231,0,0,1,0,0,0,0,1,0,1,0
568,568,49.0,31.9,5.0,11552.904,0,0,0,0,1,0,1,0,0,1,0
569,569,48.0,40.565,2.0,45702.02235,0,0,1,0,0,1,0,0,0,0,1
570,570,31.0,29.1,0.0,3761.292,0,0,0,0,1,0,1,0,0,1,0
571,571,18.0,37.29,1.0,2219.4451,0,0,0,1,0,0,1,0,0,1,0
572,572,30.0,43.12,2.0,4753.6368,0,0,0,1,0,0,1,0,1,0,0
573,573,62.0,36.86,1.0,31620.00106,0,1,0,0,0,0,1,0,0,1,0
574,574,57.0,34.295,2.0,13224.05705,0,1,0,0,0,0,1,0,0,1,0
575,575,58.0,27.17,0.0,12222.8983,1,0,0,0,0,1,0,0,0,1,0
576,576,22.0,26.84,0.0,1664.9996,0,0,0,1,0,0,0,1,0,1,0
577,577,31.0,38.095,1.0,58571.07448,0,1,0,0,0,0,1,0,0,0,1
578,578,52.0,30.2,1.0,9724.53,0,0,0,0,1,0,0,1,0,1,0
579,579,25.0,23.465,0.0,13311.265686102104,0,1,0,0,0,1,0,0,0,1,0
580,580,59.0,25.46,1.0,12913.9924,0,1,0,0,0,0,0,1,0,1,0
581,581,19.0,30.59,0.0,1639.5631,0,0,1,0,0,0,0,1,0,1,0
582,582,39.0,45.43,2.0,6356.2707,0,0,0,1,0,0,0,1,0,1,0
583,583,32.0,23.65,1.0,17626.23951,0,0,0,1,0,0,1,0,0,1,0
584,584,19.0,20.7,0.0,1242.816,0,0,0,0,1,0,0,1,0,1,0
585,585,33.0,28.27,1.0,4779.6023,0,0,0,1,0,0,1,0,0,1,0
586,586,21.0,20.235,3.0,3861.20965,0,1,0,0,0,0,0,1,0,1,0
587,587,34.0,30.21,1.0,43943.8761,0,0,1,0,0,0,1,0,0,0,1
588,588,61.0,35.91,0.0,13635.6379,0,1,0,0,0,0,1,0,0,1,0
589,589,38.0,30.69,1.0,5976.8311,0,0,0,1,0,0,1,0,0,1,0
590,590,58.0,29.0,0.0,11842.442,1,0,0,0,0,0,1,0,0,1,0
591,591,47.0,19.57,1.0,8428.0693,0,0,1,0,0,0,0,1,0,1,0
592,592,20.0,31.13,2.0,2566.4707,0,0,0,1,0,0,0,1,0,1,0
593,593,21.0,21.85,1.0,15359.1045,0,1,0,0,0,0,1,0,0,0,1
594,594,41.0,30.631379032258067,0.0,5709.1644,1,0,0,0,0,0,0,1,0,1,0
595,595,46.0,33.725,1.0,8823.98575,0,1,0,0,0,0,1,0,0,1,0
596,596,42.0,29.48,2.0,7640.3092,0,0,0,1,0,0,1,0,0,1,0
597,597,34.0,33.25,1.0,5594.8455,0,1,0,0,0,0,1,0,0,1,0
598,598,43.0,32.6,2.0,7441.501,0,0,0,0,1,0,0,1,0,1,0
599,599,52.0,37.525,2.0,33471.97189,0,0,1,0,0,0,1,0,0,1,0
600,600,18.0,39.16,0.0,1633.0444,0,0,0,1,0,0,1,0,0,1,0
601,601,51.0,31.635,0.0,13311.265686102104,0,0,1,0,0,0,0,1,0,1,0
602,602,56.0,30.631379032258067,0.0,11070.535,1,0,0,0,0,0,1,0,0,1,0
603,603,64.0,39.05,0.0,16085.1275,0,0,0,1,0,0,1,0,0,1,0
604,604,39.0,28.31,0.0,17468.9839,0,0,1,0,0,0,1,0,0,0,1
605,605,51.0,34.1,0.0,9283.562,0,0,0,1,0,0,1,0,0,1,0
606,606,27.0,25.175,0.0,3558.62025,0,1,0,0,0,0,1,0,0,1,0
607,607,59.0,23.655,0.0,25678.77845,0,0,1,0,0,0,1,0,0,0,1
608,608,28.0,26.98,0.0,4435.0942,0,1,0,0,0,0,0,1,0,1,0
609,609,30.0,30.631379032258067,2.0,39241.442,0,0,0,0,1,1,0,0,0,0,1
610,610,47.0,29.37,1.0,8547.6913,0,0,0,1,0,0,1,0,0,1,0
611,611,38.0,34.8,2.0,6571.544,0,0,0,0,1,0,1,0,0,1,0
612,612,18.0,33.155,0.0,2207.69745,0,1,0,0,0,0,1,0,0,1,0
613,613,34.0,19.0,3.0,6753.0380000000005,0,1,0,0,0,0,1,0,0,1,0
614,614,20.0,33.0,0.0,1880.07,0,0,0,1,0,1,0,0,0,1,0
615,615,47.0,36.63,0.0,42969.8527,0,0,0,1,0,0,1,0,0,0,1
616,616,56.0,28.595,0.0,11658.11505,0,1,0,0,0,0,1,0,0,1,0
617,617,49.0,25.6,2.0,13311.265686102104,0,0,0,0,1,0,0,1,0,0,1
618,618,19.0,33.11,0.0,34439.8559,0,0,0,1,0,0,1,0,0,0,1
619,619,55.0,37.1,0.0,10713.643999999998,0,0,0,0,1,0,1,0,0,1,0
620,620,30.0,31.4,1.0,3659.346,0,0,0,0,1,0,0,1,0,1,0
621,621,37.0,30.631379032258067,4.0,40182.246,0,0,0,0,1,0,0,1,0,0,1
622,622,49.0,21.3,1.0,9182.17,0,0,0,0,1,0,1,0,0,1,0
623,623,18.0,33.535,0.0,34617.84065,0,1,0,0,0,0,0,1,1,0,0
624,624,59.0,28.785,0.0,12129.61415,0,0,1,0,0,0,0,1,0,1,0
625,625,29.0,26.03,0.0,3736.4647,0,0,1,0,0,0,1,0,0,1,0
626,626,36.0,28.88,3.0,6748.5912,0,1,0,0,0,0,0,1,0,1,0
627,627,33.0,42.46,1.0,11326.71487,0,0,0,1,0,0,0,1,0,1,0
628,628,58.0,38.0,0.0,11365.952,0,0,0,0,1,0,0,1,0,1,0
629,629,44.0,38.95,0.0,42983.4585,0,0,1,0,0,0,1,0,0,0,1
630,630,53.0,36.1,1.0,10085.846,0,0,0,0,1,0,0,1,0,1,0
631,631,24.0,29.3,0.0,1977.815,1,0,0,0,0,0,0,1,0,1,0
632,632,29.0,35.53,0.0,3366.6697,0,0,0,1,0,0,1,0,0,1,0
633,633,40.0,22.705,2.0,7173.35995,0,1,0,0,0,0,0,1,0,1,0
634,634,51.0,39.7,1.0,9391.346,0,0,0,0,1,0,0,1,0,1,0
635,635,64.0,38.19,0.0,14410.9321,0,1,0,0,0,0,0,1,0,1,0
636,636,19.0,24.51,1.0,2709.1119,0,0,1,0,0,0,1,0,0,1,0
637,637,35.0,38.095,2.0,24915.04626,0,1,0,0,0,0,1,0,0,1,0
638,638,39.0,26.41,0.0,20149.3229,0,1,0,0,0,0,0,1,0,0,1
639,639,56.0,33.66,4.0,12949.1554,0,0,0,1,0,0,0,1,0,1,0
640,640,33.0,42.4,5.0,6666.243,0,0,0,0,1,0,0,1,0,1,0
641,641,42.0,28.31,3.0,32787.458589999995,0,0,1,0,0,0,0,1,0,0,1
642,642,61.0,33.915,0.0,13143.86485,0,1,0,0,0,0,0,1,0,1,0
643,643,23.0,34.96,3.0,4466.6214,0,0,1,0,0,0,1,0,0,1,0
644,644,43.0,35.31,2.0,18806.14547,0,0,0,1,0,0,0,1,0,1,0
645,645,48.0,30.78,3.0,10141.1362,0,1,0,0,0,0,0,1,0,1,0
646,646,39.0,26.22,1.0,6123.5688,0,0,1,0,0,0,0,1,0,1,0
647,647,40.0,23.37,3.0,8252.2843,0,1,0,0,0,0,1,0,0,1,0
648,648,18.0,28.5,0.0,1712.227,0,1,0,0,0,0,0,1,0,1,0
649,649,58.0,32.965,0.0,12430.95335,0,1,0,0,0,0,1,0,0,1,0
650,650,49.0,42.68,2.0,9800.8882,1,0,0,0,0,0,1,0,0,1,0
651,651,53.0,39.6,1.0,10579.711,0,0,0,1,0,0,1,0,0,1,0
652,652,48.0,31.13,0.0,8280.6227,1,0,0,0,0,0,1,0,0,1,0
653,653,45.0,36.3,2.0,8527.532,0,0,0,1,0,0,1,0,0,1,0
654,654,59.0,35.2,0.0,12244.531,0,0,0,1,0,0,1,0,0,1,0
655,655,52.0,25.3,2.0,24667.419,0,0,0,1,0,1,0,0,0,0,1
656,656,26.0,42.4,1.0,3410.324,0,0,0,0,1,0,1,0,1,0,0
657,657,27.0,33.155,2.0,4058.71245,0,0,1,0,0,0,0,1,0,1,0
658,658,48.0,35.91,0.0,26392.26029,0,1,0,0,0,0,1,0,0,1,0
659,659,57.0,28.785,4.0,14394.39815,0,1,0,0,0,0,1,0,0,1,0
660,660,37.0,46.53,3.0,6435.6237,0,0,0,1,0,0,0,1,0,1,0
661,661,57.0,23.98,1.0,22192.43711,0,0,0,1,0,0,1,0,0,1,0
662,662,32.0,30.631379032258067,1.0,5148.5526,0,1,0,0,0,0,1,0,0,1,0
663,663,18.0,30.631379032258067,0.0,1136.3994,0,0,0,1,0,0,0,1,0,1,0
664,664,64.0,22.99,0.0,27037.9141,0,0,0,1,0,0,1,0,0,0,1
665,665,43.0,38.06,2.0,42560.4304,0,0,0,1,0,0,0,1,1,0,0
666,666,49.0,28.7,1.0,8703.456,0,0,0,0,1,0,0,1,0,1,0
667,667,40.0,32.775,2.0,40003.33225,0,0,1,0,0,0,1,0,0,0,1
668,668,62.0,30.631379032258067,0.0,45710.20785,0,1,0,0,0,0,0,1,0,0,1
669,669,40.0,30.631379032258067,1.0,6500.2359,0,0,0,1,0,0,1,0,0,1,0
670,670,30.0,31.57,3.0,4837.5823,0,0,0,1,0,0,0,1,0,1,0
671,671,29.0,31.16,0.0,3943.5954,0,1,0,0,0,0,1,0,0,1,0
672,672,36.0,29.7,0.0,4399.731,0,0,0,1,0,0,0,1,0,1,0
673,673,41.0,31.02,0.0,6185.3208,0,0,0,1,0,0,1,0,0,1,0
674,674,44.0,30.631379032258067,2.0,46200.9851,0,0,0,1,0,0,1,0,0,0,1
675,675,45.0,21.375,0.0,7222.78625,0,0,1,0,0,0,0,1,0,1,0
676,676,55.0,40.81,3.0,12485.8009,0,0,0,1,0,0,1,0,0,1,0
677,677,60.0,31.35,3.0,46130.5265,0,0,1,0,0,1,0,0,0,0,1
678,678,56.0,30.631379032258067,3.0,12363.547,0,0,0,0,1,1,0,0,0,1,0
679,679,49.0,23.18,2.0,10156.7832,0,0,1,0,0,0,1,0,0,1,0
680,680,21.0,17.4,1.0,2585.269,0,0,0,0,1,0,1,0,0,1,0
681,681,19.0,20.3,0.0,1242.26,0,0,0,0,1,0,0,1,0,1,0
682,682,39.0,35.3,2.0,40103.89,1,0,0,0,0,0,0,1,0,0,1
683,683,53.0,24.32,0.0,9863.4718,0,0,1,0,0,0,0,1,0,1,0
684,684,33.0,18.5,1.0,4766.022,0,0,0,0,1,0,1,0,0,1,0
685,685,53.0,26.41,2.0,11244.3769,0,1,0,0,0,1,0,0,0,1,0
686,686,42.0,26.125,2.0,7729.64575,0,1,0,0,0,0,0,1,0,1,0
687,687,40.0,41.69,0.0,5438.7491,0,0,0,1,0,0,0,1,0,1,0
688,688,47.0,24.1,1.0,13311.265686102104,0,0,0,0,1,0,1,0,0,1,0
689,689,27.0,31.13,0.0,34806.4677,0,0,0,1,0,0,0,1,0,0,1
690,690,21.0,27.36,0.0,2104.1134,0,1,0,0,0,0,0,1,0,1,0
691,691,47.0,36.2,1.0,8068.185,0,0,0,0,1,0,0,1,0,1,0
692,692,20.0,32.395,1.0,2362.22905,0,0,1,0,0,0,0,1,0,1,0
693,693,24.0,23.655,0.0,2352.96845,0,0,1,0,0,0,0,1,0,1,0
694,694,27.0,34.8,1.0,3577.9990000000003,0,0,0,0,1,0,1,0,0,1,0
695,695,26.0,40.185,0.0,13311.265686102104,0,0,1,0,0,0,1,0,0,1,0
696,696,53.0,32.3,2.0,29186.48236,0,1,0,0,0,0,1,0,0,1,0
697,697,41.0,35.75,1.0,40273.6455,0,0,0,1,0,0,0,1,0,0,1
698,698,39.0,30.631379032258067,0.0,10976.24575,0,0,1,0,0,0,0,1,0,1,0
699,699,23.0,39.27,2.0,3500.6123,0,0,0,1,0,0,1,0,0,1,0
700,700,21.0,34.87,0.0,2020.5523,0,0,0,1,0,0,1,0,0,1,0
701,701,50.0,44.745,0.0,9541.69555,0,1,0,0,0,0,1,0,0,1,0
702,702,53.0,41.47,0.0,9504.3103,0,0,0,1,0,0,0,1,0,1,0
703,703,34.0,26.41,1.0,5385.3379,0,0,1,0,0,0,1,0,0,1,0
704,704,47.0,29.545,1.0,8930.93455,0,0,1,0,0,1,0,0,0,1,0
705,705,33.0,32.9,0.0,5375.0380000000005,1,0,0,0,0,0,1,0,0,1,0
706,706,51.0,38.06,0.0,44400.4064,0,0,0,1,0,0,1,0,0,0,1
707,707,49.0,28.69,0.0,10264.4421,0,0,1,0,0,0,0,1,0,1,0
708,708,31.0,30.495,3.0,6113.23105,0,1,0,0,0,0,1,0,0,1,0
709,709,36.0,27.74,0.0,5469.0066,0,1,0,0,0,0,1,0,0,1,0
710,710,18.0,35.2,1.0,13311.265686102104,0,0,0,1,0,0,0,1,1,0,0
711,711,50.0,23.54,2.0,10107.2206,0,0,0,1,0,0,1,0,0,1,0
712,712,43.0,30.685,2.0,8310.83915,0,0,1,0,0,0,1,0,0,1,0
713,713,20.0,40.47,0.0,1984.4533,0,1,0,0,0,0,0,1,0,1,0
714,714,24.0,22.6,0.0,2457.502,0,0,0,0,1,1,0,0,1,0,0
715,715,60.0,28.9,0.0,12146.971,0,0,0,0,1,0,0,1,0,1,0
716,716,49.0,22.61,1.0,9566.9909,0,0,1,0,0,0,1,0,0,1,0
717,717,60.0,24.32,1.0,13112.6048,0,0,1,0,0,0,0,1,0,1,0
718,718,51.0,36.67,0.0,10848.1343,0,0,1,0,0,0,1,0,0,1,0
719,719,58.0,33.44,0.0,12231.6136,1,0,0,0,0,0,1,0,0,1,0
720,720,51.0,40.66,0.0,9875.6804,0,1,0,0,0,0,1,0,0,1,0
721,721,39.0,36.6,3.0,11264.541,0,0,0,0,1,0,0,1,0,1,0
722,722,62.0,37.4,0.0,12979.358,0,0,0,0,1,0,0,1,0,1,0
723,723,19.0,35.4,0.0,1263.249,0,0,0,0,1,0,0,1,0,1,0
724,724,50.0,27.075,1.0,10106.13425,0,1,0,0,0,1,0,0,0,1,0
725,725,30.0,39.05,3.0,13311.265686102104,1,0,0,0,0,0,1,0,0,0,1
726,726,41.0,30.631379032258067,1.0,6664.68595,0,0,1,0,0,0,0,1,0,1,0
727,727,29.0,21.755,1.0,16657.71745,0,1,0,0,0,0,1,0,0,0,1
728,728,18.0,40.28,0.0,2217.6012,0,1,0,0,0,0,1,0,0,1,0
729,729,41.0,36.08,1.0,6781.3542,0,0,0,1,0,0,1,0,0,1,0
730,730,35.0,24.42,3.0,19361.9988,1,0,0,0,0,0,0,1,1,0,0
731,731,53.0,21.4,1.0,10065.413,0,0,0,0,1,0,0,1,0,1,0
732,732,24.0,30.1,3.0,4234.927,0,0,0,0,1,0,1,0,0,1,0
733,733,48.0,27.265,1.0,9447.25035,0,1,0,0,0,0,1,0,0,1,0
734,734,59.0,32.1,3.0,14007.222,0,0,0,0,1,0,1,0,0,1,0
735,735,49.0,30.631379032258067,1.0,9583.8933,0,0,1,0,0,0,1,0,0,1,0
736,736,37.0,38.39,0.0,40419.0191,0,0,0,1,0,0,1,0,0,0,1
737,737,26.0,23.7,2.0,3484.331,0,0,0,0,1,0,0,1,0,1,0
738,738,23.0,31.73,3.0,36189.1017,0,1,0,0,0,0,0,1,0,0,1
739,739,29.0,35.5,2.0,44585.45587,0,0,0,0,1,0,0,1,0,0,1
740,740,45.0,24.035,2.0,8604.48365,0,1,0,0,0,0,0,1,0,1,0
741,741,27.0,29.15,0.0,18246.4955,0,0,0,1,0,0,0,1,0,0,1
742,742,53.0,34.105,0.0,43254.41795,0,1,0,0,0,0,0,1,0,0,1
743,743,31.0,26.62,0.0,3757.8448,0,0,0,1,0,0,1,0,0,1,0
744,744,50.0,26.41,0.0,8827.2099,0,0,1,0,0,0,0,1,0,1,0
745,745,50.0,30.115,1.0,13311.265686102104,0,0,1,0,0,0,1,0,0,1,0
746,746,34.0,27.0,2.0,11737.84884,1,0,0,0,0,0,0,1,0,1,0
747,747,19.0,21.755,0.0,1627.28245,0,0,1,0,0,0,0,1,0,1,0
748,748,47.0,36.0,1.0,8556.907,0,0,0,0,1,0,1,0,0,1,0
749,749,28.0,30.875,0.0,3062.50825,0,0,1,0,0,0,0,1,0,1,0
750,750,37.0,26.4,0.0,19539.243,0,0,0,1,0,0,1,0,0,0,1
751,751,21.0,28.975,0.0,1906.35825,0,0,1,0,0,0,0,1,0,1,0
752,752,39.0,37.905,0.0,14210.53595,0,0,1,0,0,0,0,1,0,1,0
753,753,58.0,22.77,0.0,11833.7823,0,0,0,1,0,1,0,0,0,1,0
754,754,24.0,33.63,4.0,17128.42608,0,1,0,0,0,0,0,1,0,1,0
755,755,31.0,27.645,2.0,5031.26955,0,1,0,0,0,0,0,1,0,1,0
756,756,39.0,22.8,3.0,7985.815,0,1,0,0,0,0,1,0,0,1,0
757,757,47.0,27.83,0.0,23065.4207,0,0,0,1,0,0,1,0,0,0,1
758,758,30.0,37.43,3.0,5428.7277,0,1,0,0,0,0,0,1,0,1,0
759,759,18.0,38.17,0.0,36307.7983,0,0,0,1,0,0,0,1,0,0,1
760,760,22.0,34.58,2.0,3925.7582,0,1,0,0,0,0,1,0,0,1,0
761,761,39.0,35.2,1.0,2416.955,0,0,0,0,1,0,0,1,0,1,0
762,762,33.0,27.1,1.0,19040.876,0,0,0,0,1,0,0,1,0,0,1
763,763,27.0,26.03,0.0,3070.8087,0,1,0,0,0,0,0,1,0,1,0
764,764,45.0,25.175,0.0,9095.06825,1,0,0,0,0,0,1,0,0,1,0
765,765,57.0,31.825,0.0,11842.62375,0,0,1,0,0,0,1,0,0,1,0
766,766,39.0,32.3,1.0,8062.764,0,0,0,0,1,0,0,1,0,1,0
767,767,42.0,29.0,1.0,7050.642,0,0,0,0,1,0,1,0,0,1,0
768,768,64.0,39.7,0.0,14319.031,0,0,0,0,1,0,1,0,0,1,0
769,769,38.0,19.475,2.0,6933.24225,0,0,1,0,0,0,1,0,0,1,0
770,770,61.0,36.1,3.0,27941.28758,0,0,0,0,1,0,0,1,0,1,0
771,771,53.0,26.7,2.0,11150.78,0,0,0,0,1,1,0,0,0,1,0
772,772,44.0,36.48,0.0,12797.20962,1,0,0,0,0,0,1,0,0,1,0
773,773,19.0,28.88,0.0,17748.5062,0,0,1,0,0,0,1,0,0,0,1
774,774,41.0,34.2,2.0,7261.741,0,0,1,0,0,0,0,1,0,1,0
775,775,51.0,33.33,3.0,10560.4917,0,0,0,1,0,0,0,1,0,1,0
776,776,40.0,32.3,2.0,6986.696999999999,0,0,1,0,0,1,0,0,0,1,0
777,777,45.0,39.805,0.0,7448.40395,0,1,0,0,0,0,0,1,0,1,0
778,778,35.0,34.32,3.0,5934.3798,0,0,0,1,0,0,0,1,0,1,0
779,779,53.0,28.88,0.0,9869.8102,0,0,1,0,0,0,0,1,0,1,0
780,780,30.0,24.4,3.0,18259.216,0,0,0,0,1,0,0,1,0,0,1
781,781,18.0,41.14,0.0,13311.265686102104,0,0,0,1,0,0,0,1,0,1,0
782,782,51.0,35.97,1.0,9386.1613,0,0,0,1,0,0,0,1,0,1,0
783,783,50.0,27.6,1.0,24520.264,0,0,0,0,1,0,1,0,0,0,1
784,784,31.0,29.26,1.0,4350.5144,0,0,0,1,0,0,1,0,0,1,0
785,785,35.0,27.7,3.0,6414.178000000001,0,0,0,0,1,0,1,0,0,1,0
786,786,60.0,30.631379032258067,0.0,12741.16745,0,1,0,0,0,0,0,1,0,1,0
787,787,21.0,36.86,0.0,1917.3184,0,0,1,0,0,0,0,1,0,1,0
788,788,29.0,22.515,3.0,5209.57885,0,1,0,0,0,0,0,1,0,1,0
789,789,62.0,29.92,0.0,13457.9608,0,0,0,1,0,0,1,0,0,1,0
790,790,39.0,41.8,0.0,5662.225,0,0,0,1,0,0,1,0,0,1,0
791,791,19.0,27.6,0.0,1252.407,1,0,0,0,0,0,0,1,0,1,0
792,792,22.0,23.18,0.0,2731.9122,0,1,0,0,0,0,1,0,0,1,0
793,793,53.0,20.9,0.0,21195.818,0,0,0,1,0,0,0,1,0,0,1
794,794,39.0,31.92,2.0,7209.4918,0,0,1,0,0,0,1,0,0,1,0
795,795,27.0,30.631379032258067,0.0,18310.742,0,0,1,0,0,0,0,1,0,0,1
796,796,30.0,44.22,2.0,4266.1658,0,0,0,1,0,0,0,1,0,1,0
797,797,30.0,22.895,1.0,4719.52405,0,1,0,0,0,0,1,0,0,1,0
798,798,58.0,33.1,0.0,11848.141,0,0,0,0,1,0,1,0,0,1,0
799,799,33.0,30.631379032258067,0.0,17904.52705,0,1,0,0,0,0,0,1,0,0,1
800,800,42.0,30.631379032258067,1.0,7046.7222,1,0,0,0,0,0,1,0,0,1,0
801,801,64.0,35.97,0.0,14313.8463,0,0,0,1,0,0,1,0,0,1,0
802,802,21.0,22.3,1.0,2103.08,1,0,0,0,0,0,0,1,0,1,0
803,803,18.0,42.24,0.0,38792.6856,0,0,0,1,0,0,1,0,0,0,1
804,804,23.0,26.51,0.0,1815.8759,0,0,0,1,0,1,0,0,0,1,0
805,805,45.0,35.815,0.0,7731.85785,1,0,0,0,0,0,1,0,0,1,0
806,806,40.0,41.42,1.0,28476.73499,0,0,1,0,0,0,1,0,0,1,0
807,807,19.0,36.575,0.0,2136.88225,0,0,1,0,0,0,1,0,0,1,0
808,808,18.0,30.14,0.0,1131.5066,0,0,0,1,0,1,0,0,0,1,0
809,809,25.0,25.84,1.0,3309.7926,0,1,0,0,0,0,0,1,0,1,0
810,810,46.0,30.8,3.0,9414.92,0,0,0,0,1,0,1,0,0,1,0
811,811,33.0,42.94,3.0,6360.9936,0,0,1,0,0,0,1,0,0,1,0
812,812,54.0,21.01,2.0,11013.7119,0,0,0,1,0,0,0,1,0,1,0
813,813,28.0,22.515,2.0,4428.88785,0,1,0,0,0,0,0,1,0,1,0
814,814,36.0,34.43,2.0,5584.3057,0,0,0,1,0,0,0,1,1,0,0
815,815,20.0,31.46,0.0,1877.9294,0,0,0,1,0,0,1,0,0,1,0
816,816,24.0,24.225,0.0,2842.76075,0,0,1,0,0,0,1,0,0,1,0
817,817,23.0,37.1,3.0,3597.5959999999995,0,0,0,0,1,0,0,1,0,1,0
818,818,47.0,26.125,1.0,23401.30575,0,1,0,0,0,0,1,0,0,0,1
819,819,33.0,35.53,0.0,55135.40209,0,0,1,0,0,0,1,0,0,0,1
820,820,45.0,33.7,1.0,7445.918000000001,0,0,0,0,1,1,0,0,0,1,0
821,821,26.0,17.67,0.0,13311.265686102104,0,0,1,0,0,0,0,1,0,1,0
822,822,18.0,31.13,0.0,1621.8827,0,0,0,1,0,0,1,0,0,1,0
823,823,44.0,29.81,2.0,8219.2039,0,0,0,1,0,0,1,0,0,1,0
824,824,60.0,24.32,0.0,12523.6048,0,0,1,0,0,0,0,1,0,1,0
825,825,64.0,31.825,2.0,16069.08475,0,1,0,0,0,0,1,0,0,1,0
826,826,56.0,31.79,2.0,43813.8661,1,0,0,0,0,0,0,1,0,0,1
827,827,36.0,28.025,1.0,20773.62775,0,1,0,0,0,0,0,1,0,0,1
828,828,41.0,30.631379032258067,3.0,39597.4072,0,1,0,0,0,1,0,0,1,0,0
829,829,39.0,21.85,1.0,6117.4945,0,0,1,0,0,0,0,1,0,1,0
830,830,63.0,33.1,0.0,13393.756,0,0,0,0,1,0,0,1,0,1,0
831,831,36.0,25.84,0.0,5266.3656,0,0,1,0,0,0,1,0,0,1,0
832,832,28.0,23.845,2.0,4719.73655,0,0,1,0,0,0,1,0,0,1,0
833,833,58.0,34.39,0.0,11743.9341,1,0,0,0,0,0,0,1,0,1,0
834,834,36.0,33.82,1.0,5377.4578,1,0,0,0,0,0,0,1,0,1,0
835,835,42.0,35.97,0.0,7160.3303,0,0,0,1,0,0,0,1,0,1,0
836,836,39.0,30.631379032258067,0.0,4402.233,1,0,0,0,0,1,0,0,0,1,0
837,837,56.0,28.31,0.0,11657.7189,0,1,0,0,0,0,1,0,0,1,0
838,838,35.0,23.465,2.0,6402.29135,0,1,0,0,0,0,1,0,0,1,0
839,839,59.0,31.35,0.0,12622.1795,0,0,1,0,0,0,1,0,0,1,0
840,840,21.0,31.1,0.0,1526.312,1,0,0,0,0,0,0,1,0,1,0
841,841,59.0,24.7,0.0,12323.936000000002,0,1,0,0,0,0,0,1,0,1,0
842,842,23.0,32.78,2.0,36021.0112,0,0,0,1,0,0,1,0,0,0,1
843,843,57.0,29.81,0.0,27533.9129,0,0,0,1,0,0,1,0,0,0,1
844,844,53.0,30.495,0.0,10072.05505,0,1,0,0,0,0,0,1,0,1,0
845,845,60.0,32.45,0.0,45008.9555,0,0,0,1,0,0,1,0,0,0,1
846,846,51.0,34.2,1.0,9872.701,0,0,0,0,1,0,1,0,0,1,0
847,847,23.0,50.38,1.0,2438.0552,0,0,0,1,0,0,0,1,0,1,0
848,848,27.0,24.1,0.0,2974.126,1,0,0,0,0,0,1,0,0,1,0
849,849,55.0,32.775,0.0,10601.63225,0,0,1,0,0,0,0,1,0,1,0
850,850,37.0,30.78,0.0,37270.1512,0,1,0,0,0,0,1,0,0,0,1
851,851,61.0,30.631379032258067,2.0,14119.62,0,0,1,0,0,0,0,1,0,1,0
852,852,46.0,35.53,0.0,42111.6647,0,1,0,0,0,0,1,0,0,0,1
853,853,53.0,23.75,2.0,11729.6795,0,1,0,0,0,0,1,0,0,1,0
854,854,49.0,23.845,3.0,13311.265686102104,0,1,0,0,0,0,1,0,0,0,1
855,855,20.0,30.631379032258067,0.0,1875.344,1,0,0,0,0,0,1,0,0,1,0
856,856,48.0,33.11,0.0,40974.1649,0,0,0,1,0,0,1,0,0,0,1
857,857,25.0,24.13,0.0,15817.9857,0,0,1,0,0,0,0,1,0,0,1
858,858,25.0,32.23,1.0,18218.16139,0,0,0,1,0,0,1,0,0,1,0
859,859,57.0,28.1,0.0,10965.446000000002,0,0,0,0,1,0,0,1,0,1,0
860,860,37.0,47.6,2.0,46113.511,0,0,0,0,1,0,1,0,1,0,0
861,861,38.0,28.0,3.0,7151.092,0,0,0,0,1,1,0,0,0,1,0
862,862,55.0,33.535,2.0,12269.68865,1,0,0,0,0,0,1,0,0,1,0
863,863,36.0,19.855,0.0,5458.04645,0,1,0,0,0,0,1,0,0,1,0
864,864,51.0,25.4,0.0,8782.469000000001,0,0,0,0,1,0,0,1,0,1,0
865,865,40.0,29.9,2.0,6600.361,0,0,0,0,1,0,0,1,0,1,0
866,866,18.0,37.29,0.0,1141.4451,0,0,0,1,0,0,0,1,0,1,0
867,867,57.0,43.7,1.0,11576.13,0,0,0,0,1,0,0,1,0,1,0
868,868,61.0,23.655,0.0,13129.60345,0,1,0,0,0,0,0,1,0,1,0
869,869,25.0,24.3,3.0,4391.652,1,0,0,0,0,0,1,0,0,1,0
870,870,50.0,36.2,0.0,8457.818000000001,0,0,0,0,1,0,0,1,0,1,0
871,871,26.0,29.48,1.0,3392.3652,0,0,0,1,0,0,1,0,0,1,0
872,872,39.0,24.86,0.0,5966.8874,0,0,0,1,0,0,0,1,0,1,0
873,873,39.0,30.1,1.0,6849.026,0,0,0,0,1,0,0,1,0,1,0
874,874,44.0,21.85,3.0,8891.1395,0,1,0,0,0,0,0,1,0,1,0
875,875,23.0,28.12,0.0,2690.1138,0,0,1,0,0,0,1,0,0,1,0
876,876,49.0,27.1,1.0,26140.3603,0,0,0,0,1,0,1,0,0,1,0
877,877,33.0,30.631379032258067,5.0,6653.7886,0,0,0,1,0,0,0,1,0,1,0
878,878,39.0,28.8,1.0,6282.235,0,0,0,0,1,0,0,1,0,1,0
879,879,37.0,29.5,2.0,6311.951999999999,0,0,0,0,1,0,1,0,0,1,0
880,880,22.0,30.631379032258067,3.0,3443.0640000000003,0,0,0,0,1,0,0,1,0,1,0
881,881,23.0,27.36,1.0,2789.0574,0,0,1,0,0,0,0,1,0,1,0
882,882,21.0,22.135,0.0,2585.85065,0,1,0,0,0,0,1,0,0,1,0
883,883,51.0,37.05,3.0,46255.1125,0,1,0,0,0,0,1,0,0,0,1
884,884,25.0,26.695,4.0,4877.98105,0,0,1,0,0,0,0,1,0,1,0
885,885,32.0,28.93,0.0,19719.6947,0,0,0,1,0,0,0,1,0,0,1
886,886,57.0,28.975,0.0,27218.43725,0,1,0,0,0,0,0,1,0,0,1
887,887,36.0,30.02,0.0,5272.1758,0,0,1,0,0,0,1,0,0,1,0
888,888,22.0,39.5,0.0,1682.5970000000002,0,0,0,0,1,0,0,1,0,1,0
889,889,57.0,33.63,1.0,11945.1327,0,0,1,0,0,0,0,1,0,1,0
890,890,64.0,26.885,0.0,29330.98315,0,0,1,0,0,0,1,0,0,0,1
891,891,36.0,29.04,4.0,7243.8136,0,0,0,1,0,0,1,0,0,1,0
892,892,54.0,24.035,0.0,10422.91665,0,1,0,0,0,0,0,1,0,1,0
893,893,47.0,30.631379032258067,2.0,44202.6536,1,0,0,0,0,0,0,1,0,0,1
894,894,62.0,32.11,0.0,13555.0049,0,1,0,0,0,0,0,1,1,0,0
895,895,61.0,30.631379032258067,0.0,13063.883,0,0,0,0,1,0,1,0,0,1,0
896,896,43.0,20.045,2.0,19798.05455,0,1,0,0,0,0,1,0,0,0,1
897,897,19.0,25.555,1.0,2221.56445,0,0,1,0,0,0,0,1,0,1,0
898,898,18.0,40.26,0.0,1634.5734,1,0,0,0,0,0,1,0,0,1,0
899,899,19.0,22.515,0.0,2117.33885,0,0,1,0,0,0,1,0,0,1,0
900,900,49.0,22.515,0.0,8688.85885,0,1,0,0,0,0,0,1,0,1,0
901,901,60.0,40.92,0.0,48673.5588,0,0,0,1,0,0,0,1,0,0,1
902,902,26.0,27.265,3.0,4661.28635,0,1,0,0,0,0,0,1,0,1,0
903,903,49.0,36.85,0.0,8125.7845,0,0,0,1,0,0,0,1,0,1,0
904,904,60.0,35.1,0.0,12644.589,0,0,0,0,1,0,1,0,0,1,0
905,905,26.0,29.355,2.0,4564.19145,0,1,0,0,0,0,1,0,0,1,0
906,906,27.0,32.585,3.0,4846.92015,0,1,0,0,0,0,0,1,0,1,0
907,907,44.0,32.34,1.0,7633.7206,0,0,0,1,0,0,1,0,0,1,0
908,908,63.0,39.8,3.0,15170.069,0,0,0,0,1,0,0,1,0,1,0
909,909,32.0,24.6,0.0,17496.306,0,0,0,0,1,0,1,0,0,0,1
910,910,22.0,28.31,1.0,2639.0429,0,0,1,0,0,0,0,1,0,1,0
911,911,18.0,31.73,0.0,33732.6867,0,1,0,0,0,0,0,1,0,0,1
912,912,59.0,26.695,3.0,14382.70905,0,0,1,0,0,0,1,0,0,1,0
913,913,44.0,27.5,1.0,7626.993,0,0,0,0,1,0,1,0,0,1,0
914,914,33.0,24.605,2.0,5257.50795,0,0,1,0,0,0,0,1,0,1,0
915,915,24.0,33.99,0.0,2473.3341,0,0,0,1,0,0,1,0,0,1,0
916,916,43.0,26.885,0.0,21774.32215,0,0,1,0,0,0,1,0,0,0,1
917,917,45.0,22.895,0.0,35069.37452,0,1,0,0,0,0,0,1,0,0,1
918,918,61.0,28.2,0.0,13041.921,0,0,0,0,1,0,1,0,0,1,0
919,919,35.0,34.21,1.0,5245.2269,0,0,0,1,0,0,1,0,0,1,0
920,920,62.0,25.0,0.0,13451.122,0,0,0,0,1,0,1,0,0,1,0
921,921,62.0,33.2,0.0,13462.52,0,0,0,0,1,0,1,0,0,1,0
922,922,38.0,31.0,1.0,5488.262,0,0,0,0,1,0,0,1,0,1,0
923,923,34.0,35.815,0.0,4320.41085,0,0,1,0,0,0,0,1,0,1,0
924,924,43.0,23.2,0.0,6250.435,0,0,0,0,1,0,0,1,0,1,0
925,925,50.0,30.631379032258067,2.0,25333.33284,0,1,0,0,0,0,0,1,0,1,0
926,926,19.0,23.4,2.0,2913.5690000000004,0,0,0,0,1,0,1,0,0,1,0
927,927,57.0,20.1,0.0,12032.326,0,0,0,0,1,0,1,0,0,1,0
928,928,62.0,39.16,0.0,13470.8044,0,0,0,1,0,0,1,0,0,1,0
929,929,41.0,34.21,1.0,6289.7549,0,0,0,1,0,0,0,1,0,1,0
930,930,26.0,46.53,1.0,2927.0647,0,0,0,1,0,0,0,1,0,1,0
931,931,39.0,32.5,1.0,6238.298000000001,0,0,0,0,1,0,1,0,0,1,0
932,932,46.0,25.8,5.0,10096.97,0,0,0,0,1,0,0,1,0,1,0
933,933,45.0,35.3,0.0,13311.265686102104,0,0,0,0,1,0,1,0,0,1,0
934,934,32.0,37.18,2.0,4673.3922,0,0,0,1,0,0,0,1,0,1,0
935,935,59.0,27.5,0.0,12233.828,0,0,0,0,1,0,1,0,0,1,0
936,936,44.0,29.735,2.0,32108.66282,0,1,0,0,0,0,0,1,0,1,0
937,937,39.0,24.225,5.0,8965.79575,0,0,1,0,0,0,1,0,1,0,0
938,938,18.0,26.18,2.0,2304.0022,0,0,0,1,0,0,0,1,0,1,0
939,939,53.0,30.631379032258067,0.0,9487.6442,0,0,0,1,0,0,0,1,0,1,0
940,940,18.0,23.21,0.0,1121.8739,1,0,0,0,0,0,0,1,0,1,0
941,941,50.0,46.09,1.0,9549.5651,0,0,0,1,0,0,1,0,0,1,0
942,942,18.0,40.185,0.0,2217.46915,0,1,0,0,0,1,0,0,0,1,0
943,943,19.0,22.61,0.0,1628.4709,0,0,1,0,0,0,0,1,0,1,0
944,944,62.0,39.93,0.0,12982.8747,0,0,0,1,0,0,0,1,0,1,0
945,945,56.0,35.8,1.0,11674.13,0,0,0,0,1,0,1,0,0,1,0
946,946,42.0,35.8,2.0,7160.094,0,0,0,0,1,0,0,1,1,0,0
947,947,37.0,34.2,1.0,39047.285,0,1,0,0,0,0,0,1,0,0,1
948,948,42.0,30.631379032258067,0.0,6358.77645,0,0,1,0,0,0,0,1,0,1,0
949,949,25.0,29.7,3.0,19933.458,0,0,0,0,1,0,0,1,1,0,0
950,950,57.0,18.335,0.0,13311.265686102104,0,1,0,0,0,0,0,1,0,1,0
951,951,51.0,42.9,2.0,47462.894,0,0,0,1,0,0,0,1,0,0,1
952,952,30.0,28.405,1.0,4527.18295,0,0,1,0,0,0,1,0,0,1,0
953,953,44.0,30.631379032258067,2.0,38998.546,0,0,0,0,1,0,0,1,0,0,1
954,954,34.0,27.835,1.0,20009.63365,0,0,1,0,0,0,0,1,0,0,1
955,955,31.0,39.49,1.0,3875.7341,1,0,0,0,0,0,0,1,0,1,0
956,956,54.0,30.8,1.0,41999.52,0,0,0,1,0,0,0,1,0,0,1
957,957,24.0,30.631379032258067,1.0,12609.88702,0,0,1,0,0,0,0,1,0,1,0
958,958,43.0,30.631379032258067,1.0,41034.2214,0,1,0,0,0,0,0,1,0,0,1
959,959,48.0,36.67,1.0,28468.91901,0,0,1,0,0,0,0,1,0,1,0
960,960,19.0,39.615,1.0,2730.10785,0,0,1,0,0,0,1,0,0,1,0
961,961,29.0,25.9,0.0,3353.284,1,0,0,0,0,0,1,0,0,1,0
962,962,63.0,35.2,0.0,14474.675,0,0,0,1,0,1,0,0,0,1,0
963,963,46.0,24.795,3.0,9500.57305,0,1,0,0,0,0,0,1,0,1,0
964,964,52.0,36.765,2.0,26467.09737,0,0,1,0,0,0,0,1,0,1,0
965,965,35.0,27.1,1.0,4746.344,0,0,0,0,1,0,0,1,0,1,0
966,966,51.0,24.795,2.0,23967.38305,0,0,1,0,0,0,0,1,0,0,1
967,967,44.0,25.365,0.0,7518.02535,0,0,1,0,0,0,0,1,0,1,0
968,968,21.0,25.745,2.0,3279.86855,0,1,0,0,0,0,0,1,0,1,0
969,969,39.0,34.32,5.0,8596.8278,0,0,0,1,0,0,1,0,0,1,0
970,970,50.0,28.16,3.0,10702.6424,0,0,0,1,0,0,1,0,0,1,0
971,971,34.0,23.56,0.0,4992.3764,0,1,0,0,0,0,1,0,0,1,0
972,972,22.0,20.235,0.0,2527.81865,0,0,1,0,0,0,1,0,0,1,0
973,973,19.0,40.5,0.0,1759.338,1,0,0,0,0,0,1,0,0,1,0
974,974,26.0,35.42,0.0,2322.6218,0,0,0,1,0,0,0,1,0,1,0
975,975,29.0,22.895,0.0,16138.76205,0,1,0,0,0,0,0,1,0,0,1
976,976,48.0,40.15,0.0,13311.265686102104,0,0,0,1,0,0,0,1,0,1,0
977,977,26.0,29.15,1.0,2902.9065,0,0,0,1,0,0,0,1,0,1,0
978,978,45.0,39.995,3.0,9704.66805,0,1,0,0,0,0,1,0,0,1,0
979,979,36.0,29.92,0.0,4889.0368,0,0,0,1,0,1,0,0,0,1,0
980,980,54.0,30.631379032258067,1.0,25517.11363,0,1,0,0,0,0,0,1,0,1,0
981,981,34.0,21.375,0.0,4500.33925,0,1,0,0,0,0,0,1,0,1,0
982,982,31.0,25.9,3.0,19199.944,0,0,0,0,1,0,0,1,0,0,1
983,983,27.0,30.59,0.0,16796.41194,0,1,0,0,0,0,1,0,0,1,0
984,984,20.0,30.115,5.0,4915.05985,0,1,0,0,0,0,0,1,1,0,0
985,985,44.0,25.8,1.0,7624.63,1,0,0,0,0,0,1,0,0,1,0
986,986,43.0,30.115,3.0,8410.04685,0,0,1,0,0,0,0,1,0,1,0
987,987,45.0,27.645,1.0,28340.18885,0,0,1,0,0,0,1,0,0,1,0
988,988,34.0,34.675,0.0,4518.82625,0,1,0,0,0,0,0,1,0,1,0
989,989,24.0,20.52,0.0,14571.8908,0,1,0,0,0,0,1,0,0,0,1
990,990,26.0,19.8,1.0,3378.91,0,0,0,0,1,0,1,0,0,1,0
991,991,38.0,27.835,2.0,7144.86265,0,1,0,0,0,0,1,0,0,1,0
992,992,39.0,31.6,2.0,10118.424,1,0,0,0,0,0,1,0,0,1,0
993,993,38.0,28.27,1.0,5484.4673,0,0,0,1,0,0,0,1,0,1,0
994,994,27.0,20.045,3.0,16420.49455,0,0,1,0,0,0,1,0,0,0,1
995,995,39.0,23.275,3.0,7986.47525,0,1,0,0,0,0,1,0,0,1,0
996,996,39.0,30.631379032258067,3.0,7418.522,0,0,0,0,1,0,1,0,0,1,0
997,997,63.0,36.85,0.0,13887.9685,1,0,0,0,0,0,1,0,0,1,0
998,998,33.0,36.29,3.0,6551.7501,0,1,0,0,0,0,1,0,0,1,0
999,999,36.0,26.885,0.0,5267.81815,0,0,1,0,0,0,1,0,0,1,0
1000,1000,30.0,22.99,2.0,17361.7661,0,0,1,0,0,0,0,1,0,0,1
1001,1001,24.0,32.7,0.0,34472.841,0,0,0,0,1,0,0,1,0,0,1
1002,1002,24.0,25.8,0.0,1972.95,1,0,0,0,0,0,0,1,0,1,0
1003,1003,48.0,29.6,0.0,21232.18226,0,0,0,0,1,0,0,1,0,1,0
1004,1004,47.0,19.19,1.0,8627.5411,0,1,0,0,0,0,0,1,0,1,0
1005,1005,39.0,31.73,0.0,4433.3877,0,0,1,0,0,0,0,1,0,1,0
1006,1006,28.0,29.26,2.0,4438.2634,0,1,0,0,0,0,0,1,0,1,0
1007,1007,47.0,28.215,3.0,24915.22085,0,0,1,0,0,0,0,1,0,0,1
1008,1008,25.0,24.985,2.0,23241.47453,0,1,0,0,0,0,0,1,0,1,0
1009,1009,51.0,27.74,1.0,9957.7216,0,1,0,0,0,0,0,1,0,1,0
1010,1010,48.0,22.8,0.0,8269.044,0,0,0,0,1,0,1,0,0,1,0
1011,1011,43.0,20.13,2.0,18767.7377,0,0,0,1,0,0,0,1,0,0,1
1012,1012,61.0,33.33,4.0,36580.28216,0,0,0,1,0,0,1,0,0,1,0
1013,1013,48.0,32.3,1.0,8765.249,1,0,0,0,0,0,0,1,0,1,0
1014,1014,38.0,27.6,0.0,5383.536,0,0,0,0,1,0,1,0,0,1,0
1015,1015,59.0,25.46,0.0,12124.9924,0,0,1,0,0,0,0,1,0,1,0
1016,1016,19.0,24.605,0.0,2709.24395,0,0,1,0,0,0,1,0,0,1,0
1017,1017,26.0,30.631379032258067,0.0,3987.926,0,0,0,0,1,0,1,0,0,1,0
1018,1018,39.0,35.815,3.0,12495.29085,0,0,1,0,0,1,0,0,0,1,0
1019,1019,21.0,32.68,0.0,26018.95052,0,0,1,0,0,0,1,0,0,1,0
1020,1020,51.0,37.0,0.0,8798.593,0,0,0,0,1,0,0,1,0,1,0
1021,1021,22.0,31.02,3.0,35595.5898,0,0,0,1,0,0,1,0,0,0,1
1022,1022,47.0,36.08,1.0,42211.1382,0,0,0,1,0,0,0,1,0,0,1
1023,1023,18.0,23.32,1.0,1711.0268,1,0,0,0,0,0,0,1,0,1,0
1024,1024,47.0,45.32,1.0,8569.8618,1,0,0,0,0,0,1,0,0,1,0
1025,1025,21.0,34.6,0.0,2020.177,0,0,0,0,1,0,1,0,0,1,0
1026,1026,19.0,26.03,1.0,16450.8947,0,0,1,0,0,0,0,1,0,0,1
1027,1027,23.0,18.715,0.0,21595.38229,0,0,1,0,0,0,0,1,0,1,0
1028,1028,54.0,31.6,0.0,9850.432,0,0,0,0,1,1,0,0,0,1,0
1029,1029,37.0,17.29,2.0,6877.9801,0,1,0,0,0,0,1,0,0,1,0
1030,1030,46.0,23.655,1.0,21677.28345,1,0,0,0,0,0,1,0,0,0,1
1031,1031,55.0,35.2,0.0,13311.265686102104,0,0,0,1,0,0,1,0,0,0,1
1032,1032,30.0,27.93,0.0,4137.5227,0,1,0,0,0,0,1,0,0,1,0
1033,1033,18.0,21.565,0.0,13747.87235,0,1,0,0,0,0,0,1,0,0,1
1034,1034,61.0,38.38,0.0,12950.0712,0,0,1,0,0,0,0,1,0,1,0
1035,1035,54.0,23.0,3.0,12094.478,0,0,0,0,1,0,1,0,0,1,0
1036,1036,22.0,37.07,2.0,37484.4493,0,0,0,1,0,0,0,1,0,0,1
1037,1037,45.0,30.495,1.0,39725.51805,0,0,1,0,0,0,1,0,0,0,1
1038,1038,22.0,28.88,0.0,2250.8352,0,1,0,0,0,0,0,1,0,1,0
1039,1039,19.0,27.265,2.0,22493.65964,0,0,1,0,0,0,0,1,0,1,0
1040,1040,35.0,28.025,0.0,20234.85475,0,0,1,0,0,0,1,0,0,0,1
1041,1041,18.0,23.085,0.0,1704.70015,0,1,0,0,0,0,0,1,0,1,0
1042,1042,20.0,30.685,0.0,33475.81715,0,1,0,0,0,0,0,1,0,0,1
1043,1043,28.0,25.8,0.0,3161.454,0,0,0,0,1,0,1,0,0,1,0
1044,1044,55.0,35.245,1.0,11394.06555,0,1,0,0,0,0,0,1,0,1,0
1045,1045,43.0,24.7,2.0,21880.82,0,0,1,0,0,0,1,0,0,0,1
1046,1046,43.0,25.08,0.0,7325.0482,1,0,0,0,0,0,1,0,0,1,0
1047,1047,22.0,52.58,1.0,44501.3982,0,0,0,1,0,0,0,1,0,0,1
1048,1048,25.0,22.515,1.0,3594.17085,0,0,1,0,0,0,1,0,0,1,0
1049,1049,49.0,30.9,0.0,39727.614,0,0,0,0,1,0,0,1,0,0,1
1050,1050,44.0,36.955,1.0,13311.265686102104,1,0,0,0,0,0,1,0,0,1,0
1051,1051,64.0,26.41,0.0,14394.5579,0,1,0,0,0,0,0,1,0,1,0
1052,1052,49.0,29.83,1.0,9288.0267,0,1,0,0,0,0,0,1,0,1,0
1053,1053,47.0,29.8,0.0,25309.489,0,0,0,0,1,0,0,1,0,0,1
1054,1054,27.0,21.47,0.0,3353.4703,0,0,1,0,0,0,1,0,0,1,0
1055,1055,55.0,30.631379032258067,0.0,10594.50155,0,0,1,0,0,0,0,1,0,1,0
1056,1056,48.0,30.631379032258067,0.0,8277.523000000001,0,0,0,0,1,0,1,0,0,1,0
1057,1057,39.0,30.631379032258067,0.0,17929.303369999998,0,0,0,1,0,0,1,0,0,1,0
1058,1058,24.0,39.49,0.0,2480.9791,0,0,0,1,0,0,1,0,0,1,0
1059,1059,32.0,33.82,1.0,4462.7218,0,0,1,0,0,0,0,1,0,1,0
1060,1060,24.0,32.01,0.0,13311.265686102104,0,0,0,1,0,1,0,0,0,1,0
1061,1061,57.0,27.94,1.0,11554.2236,0,0,0,1,0,0,0,1,0,1,0
1062,1062,59.0,41.14,1.0,48970.2476,0,0,0,1,0,0,0,1,0,0,1
1063,1063,36.0,28.595,3.0,6548.19505,0,0,1,0,0,0,0,1,0,1,0
1064,1064,29.0,25.6,4.0,5708.866999999999,0,0,0,0,1,0,1,0,0,1,0
1065,1065,42.0,30.631379032258067,1.0,7045.499,0,0,0,0,1,0,1,0,0,1,0
1066,1066,48.0,37.29,2.0,8978.1851,0,0,0,1,0,0,0,1,0,1,0
1067,1067,39.0,42.655,0.0,5757.41345,0,1,0,0,0,0,0,1,0,1,0
1068,1068,63.0,21.66,1.0,14349.8544,0,0,1,0,0,0,0,1,0,1,0
1069,1069,54.0,31.9,1.0,10928.848999999998,0,0,0,1,0,1,0,0,0,1,0
1070,1070,37.0,37.07,1.0,39871.7043,0,0,0,1,0,0,0,1,0,0,1
1071,1071,63.0,31.445,0.0,13974.45555,0,1,0,0,0,0,0,1,0,1,0
1072,1072,21.0,31.255,0.0,1909.52745,0,0,1,0,0,0,0,1,1,0,0
1073,1073,54.0,28.88,2.0,12096.6512,0,1,0,0,0,0,1,0,0,1,0
1074,1074,60.0,18.335,0.0,13204.28565,0,1,0,0,0,1,0,0,0,1,0
1075,1075,32.0,29.59,1.0,4562.8421,0,0,0,1,0,0,1,0,0,1,0
1076,1076,47.0,32.0,1.0,8551.347,0,0,0,0,1,0,1,0,0,1,0
1077,1077,21.0,26.03,0.0,2102.2647,0,1,0,0,0,0,0,1,0,1,0
1078,1078,28.0,31.68,0.0,34672.1472,1,0,0,0,0,0,0,1,0,0,1
1079,1079,63.0,33.66,3.0,15161.5344,0,0,0,1,0,0,0,1,0,1,0
1080,1080,18.0,21.78,0.0,11884.04858,0,0,0,1,0,0,0,1,0,1,0
1081,1081,32.0,27.835,1.0,4454.40265,0,0,1,0,0,0,0,1,0,1,0
1082,1082,38.0,19.95,1.0,5855.9025,0,0,1,0,0,0,0,1,0,1,0
1083,1083,32.0,31.5,1.0,4076.497,0,0,0,0,1,0,0,1,0,1,0
1084,1084,62.0,30.495,2.0,15019.76005,0,0,1,0,0,0,1,0,0,1,0
1085,1085,39.0,18.3,5.0,19023.26,0,0,0,0,1,0,1,0,0,0,1
1086,1086,55.0,28.975,0.0,10796.35025,0,1,0,0,0,0,0,1,0,1,0
1087,1087,57.0,31.54,0.0,11353.2276,0,0,1,0,0,0,0,1,0,1,0
1088,1088,52.0,30.631379032258067,0.0,9748.9106,0,0,0,1,0,0,0,1,0,1,0
1089,1089,56.0,30.631379032258067,0.0,10577.087,0,0,0,0,1,0,0,1,0,1,0
1090,1090,47.0,36.19,0.0,41676.0811,0,0,0,1,0,0,0,1,0,0,1
1091,1091,55.0,29.83,0.0,11286.5387,0,1,0,0,0,0,1,0,0,1,0
1092,1092,23.0,32.7,3.0,3591.48,0,0,0,0,1,0,0,1,0,1,0
1093,1093,22.0,30.4,0.0,33907.547999999995,0,0,1,0,0,0,1,0,0,0,1
1094,1094,50.0,33.7,4.0,11299.343,0,0,0,0,1,0,1,0,0,1,0
1095,1095,18.0,31.35,4.0,4561.1885,0,1,0,0,0,1,0,0,0,1,0
1096,1096,51.0,34.96,0.0,44641.1974,1,0,0,0,0,0,1,0,0,0,1
1097,1097,22.0,33.77,0.0,1674.6323,0,0,0,1,0,0,0,1,0,1,0
1098,1098,52.0,30.875,0.0,23045.56616,0,1,0,0,0,0,1,0,0,1,0
1099,1099,25.0,33.99,1.0,3227.1211,0,0,0,1,0,0,1,0,0,1,0
1100,1100,33.0,19.095,2.0,16776.30405,0,1,0,0,0,0,1,0,0,0,1
1101,1101,53.0,28.6,3.0,11253.421,0,0,0,0,1,0,0,1,0,1,0
1102,1102,29.0,38.94,1.0,3471.4096,1,0,0,0,0,0,0,1,0,1,0
1103,1103,39.0,36.08,0.0,11363.2832,0,0,0,1,0,1,0,0,0,1,0
1104,1104,37.0,29.8,0.0,20420.60465,0,0,0,0,1,0,0,1,0,1,0
1105,1105,54.0,31.24,0.0,13311.265686102104,0,0,0,1,0,0,1,0,0,1,0
1106,1106,49.0,29.925,0.0,8988.15875,0,0,1,0,0,0,1,0,0,1,0
1107,1107,50.0,26.22,2.0,10493.9458,0,0,1,0,0,0,1,0,0,1,0
1108,1108,26.0,30.0,1.0,2904.088,1,0,0,0,0,0,0,1,0,1,0
1109,1109,45.0,20.35,3.0,8605.3615,0,0,0,1,0,0,0,1,0,1,0
1110,1110,54.0,32.3,1.0,11512.405,0,1,0,0,0,0,1,0,0,1,0
1111,1111,38.0,38.39,3.0,41949.2441,0,0,0,1,0,0,0,1,0,0,1
1112,1112,48.0,25.85,3.0,24180.9335,0,0,0,1,0,0,1,0,0,0,1
1113,1113,28.0,26.315,0.0,5312.16985,0,0,1,0,0,0,1,0,0,1,0
1114,1114,23.0,24.51,0.0,2396.0959,0,1,0,0,0,1,0,0,0,1,0
1115,1115,55.0,32.67,0.0,10807.4863,0,0,0,1,0,0,0,1,0,1,0
1116,1116,41.0,29.64,5.0,9222.4026,0,1,0,0,0,0,0,1,0,1,0
1117,1117,25.0,33.33,2.0,36124.5737,1,0,0,0,0,0,0,1,0,0,1
1118,1118,33.0,35.75,1.0,38282.7495,0,0,0,1,0,0,0,1,0,0,1
1119,1119,30.0,19.95,3.0,5693.4305,0,0,1,0,0,0,1,0,0,1,0
1120,1120,23.0,30.631379032258067,0.0,34166.273,0,0,0,0,1,0,1,0,0,0,1
1121,1121,46.0,38.17,2.0,8347.1643,0,0,0,1,0,0,0,1,0,1,0
1122,1122,53.0,36.86,0.0,46661.4424,0,0,1,0,0,0,1,0,0,0,1
1123,1123,27.0,32.395,1.0,18903.49141,0,1,0,0,0,0,1,0,0,1,0
1124,1124,23.0,30.631379032258067,1.0,40904.1995,0,1,0,0,0,0,1,0,0,0,1
1125,1125,63.0,25.08,0.0,14254.6082,0,0,1,0,0,0,1,0,0,1,0
1126,1126,55.0,29.9,0.0,10214.636,0,0,0,0,1,0,0,1,0,1,0
1127,1127,35.0,35.86,2.0,5836.5204,0,0,0,1,0,0,1,0,0,1,0
1128,1128,34.0,32.8,1.0,14358.36437,0,0,0,0,1,0,0,1,0,1,0
1129,1129,19.0,18.6,0.0,1728.8970000000002,0,0,0,0,1,0,1,0,0,1,0
1130,1130,39.0,23.87,5.0,8582.3023,0,0,0,1,0,0,1,0,0,1,0
1131,1131,27.0,45.9,2.0,3693.428,0,0,0,0,1,0,0,1,0,1,0
1132,1132,39.0,40.28,0.0,20709.02034,0,1,0,0,0,0,0,1,0,1,0
1133,1133,52.0,30.631379032258067,0.0,9991.03765,0,0,1,0,0,0,1,0,0,1,0
1134,1134,28.0,33.82,0.0,19673.335730000003,0,0,1,0,0,0,0,1,0,1,0
1135,1135,50.0,28.12,3.0,11085.5868,0,0,1,0,0,0,1,0,0,1,0
1136,1136,44.0,25.0,1.0,7623.518,1,0,0,0,0,0,1,0,0,1,0
1137,1137,26.0,22.23,0.0,3176.2877,0,0,1,0,0,0,1,0,0,1,0
1138,1138,33.0,30.25,0.0,3704.3545,0,0,0,1,0,0,0,1,0,1,0
1139,1139,19.0,32.49,0.0,36898.73308,0,0,1,0,0,0,1,0,0,0,1
1140,1140,50.0,37.07,1.0,9048.0273,0,0,0,1,0,0,0,1,0,1,0
1141,1141,41.0,32.6,3.0,7954.517,0,0,0,0,1,0,1,0,0,1,0
1142,1142,52.0,24.86,0.0,27117.99378,0,0,0,1,0,0,1,0,0,1,0
1143,1143,39.0,32.34,2.0,6338.0756,0,0,0,1,0,0,0,1,0,1,0
1144,1144,50.0,32.3,2.0,9630.397,0,0,0,0,1,0,0,1,0,1,0
1145,1145,52.0,32.775,3.0,11289.10925,0,0,1,0,0,0,0,1,0,1,0
1146,1146,60.0,32.8,0.0,52590.82939,0,0,0,0,1,0,0,1,0,0,1
1147,1147,20.0,31.92,0.0,2261.5688,0,0,1,0,0,0,1,0,0,1,0
1148,1148,55.0,21.5,1.0,10791.96,0,0,0,0,1,0,0,1,0,1,0
1149,1149,42.0,34.1,0.0,5979.731,0,0,0,0,1,0,0,1,0,1,0
1150,1150,18.0,30.305,0.0,2203.73595,0,1,0,0,0,0,1,0,0,1,0
1151,1151,58.0,36.48,0.0,12235.8392,0,0,1,0,0,0,1,0,0,1,0
1152,1152,43.0,32.56,3.0,40941.2854,0,0,0,1,0,0,1,0,0,0,1
1153,1153,35.0,35.815,1.0,13311.265686102104,0,0,1,0,0,1,0,0,0,1,0
1154,1154,48.0,27.93,4.0,11015.1747,0,0,1,0,0,0,1,0,0,1,0
1155,1155,36.0,22.135,3.0,7228.21565,0,1,0,0,0,0,1,0,0,1,0
1156,1156,19.0,44.88,0.0,39722.7462,0,0,0,1,0,0,0,1,0,0,1
1157,1157,39.0,30.631379032258067,2.0,14426.07385,0,0,1,0,0,0,1,0,0,1,0
1158,1158,20.0,30.59,0.0,2459.7201,0,1,0,0,0,0,1,0,0,1,0
1159,1159,32.0,41.1,0.0,3989.841,0,0,0,0,1,0,1,0,0,1,0
1160,1160,43.0,34.58,1.0,7727.2532,0,0,1,0,0,1,0,0,0,1,0
1161,1161,34.0,42.13,2.0,5124.1887,0,0,0,1,0,0,0,1,0,1,0
1162,1162,30.0,38.83,1.0,18963.17192,0,0,0,1,0,0,0,1,0,1,0
1163,1163,18.0,28.215,0.0,13311.265686102104,0,1,0,0,0,0,1,0,0,1,0
1164,1164,41.0,28.31,1.0,7153.5539,1,0,0,0,0,0,1,0,0,1,0
1165,1165,35.0,26.125,0.0,5227.98875,0,1,0,0,0,0,1,0,0,1,0
1166,1166,57.0,40.37,0.0,10982.5013,0,0,0,1,0,0,0,1,0,1,0
1167,1167,29.0,24.6,2.0,4529.477,0,0,0,0,1,0,1,0,0,1,0
1168,1168,32.0,35.2,2.0,4670.64,0,0,0,0,1,0,0,1,0,1,0
1169,1169,37.0,34.105,1.0,6112.35295,0,0,1,0,0,0,1,0,0,1,0
1170,1170,18.0,27.36,1.0,17178.6824,0,1,0,0,0,0,0,1,0,0,1
1171,1171,43.0,26.7,2.0,22478.6,0,0,0,0,1,0,1,0,0,0,1
1172,1172,56.0,41.91,0.0,11093.6229,0,0,0,1,0,0,1,0,0,1,0
1173,1173,38.0,29.26,2.0,13311.265686102104,0,0,1,0,0,0,0,1,0,1,0
1174,1174,29.0,32.11,2.0,4433.9159,0,0,1,0,0,0,0,1,0,1,0
1175,1175,22.0,27.1,0.0,2154.361,0,0,0,0,1,0,1,0,0,1,0
1176,1176,52.0,24.13,0.0,23887.6627,0,0,1,0,0,0,1,0,0,0,1
1177,1177,40.0,27.4,1.0,6496.886,0,0,0,0,1,0,1,0,0,1,0
1178,1178,23.0,34.865,0.0,2899.48935,0,1,0,0,0,0,1,0,0,1,0
1179,1179,31.0,29.81,0.0,19350.3689,0,0,0,1,0,0,0,1,0,0,1
1180,1180,42.0,41.325,1.0,7650.77375,0,1,0,0,0,0,1,0,0,1,0
1181,1181,24.0,29.925,0.0,2850.68375,0,0,1,0,0,0,1,0,0,1,0
1182,1182,25.0,30.3,0.0,2632.992,0,0,0,0,1,0,1,0,0,1,0
1183,1183,48.0,27.36,1.0,9447.3824,0,1,0,0,0,0,1,0,0,1,0
1184,1184,23.0,28.49,1.0,18328.2381,0,0,0,1,0,0,1,0,0,0,1
1185,1185,45.0,23.56,2.0,8603.8234,0,1,0,0,0,0,0,1,0,1,0
1186,1186,20.0,35.625,3.0,37465.34375,0,0,1,0,0,0,0,1,1,0,0
1187,1187,62.0,30.631379032258067,0.0,13844.7972,0,0,1,0,0,0,1,0,0,1,0
1188,1188,43.0,25.27,1.0,21771.3423,0,1,0,0,0,0,1,0,0,0,1
1189,1189,23.0,28.0,0.0,13126.67745,0,0,0,0,1,0,1,0,0,1,0
1190,1190,31.0,32.775,2.0,5327.40025,0,0,1,0,0,0,1,0,0,1,0
1191,1191,41.0,21.755,1.0,13725.47184,0,1,0,0,0,0,1,0,0,1,0
1192,1192,58.0,32.395,1.0,13019.16105,0,1,0,0,0,0,1,0,0,1,0
1193,1193,48.0,36.575,0.0,8671.19125,0,0,1,0,0,0,1,0,0,1,0
1194,1194,31.0,21.755,0.0,4134.08245,0,0,1,0,0,0,1,0,0,1,0
1195,1195,19.0,27.93,3.0,18838.70366,0,0,1,0,0,0,1,0,0,1,0
1196,1196,19.0,30.02,0.0,33307.5508,0,0,1,0,0,0,1,0,0,0,1
1197,1197,41.0,33.55,0.0,5699.8375,0,0,0,1,0,0,0,1,0,1,0
1198,1198,40.0,29.355,1.0,6393.60345,0,0,1,0,0,0,0,1,0,1,0
1199,1199,31.0,25.8,2.0,4934.705,0,0,0,0,1,0,1,0,0,1,0
1200,1200,37.0,24.32,0.0,6198.7518,1,0,0,0,0,0,0,1,0,1,0
1201,1201,46.0,40.375,2.0,8733.22925,0,0,1,0,0,0,0,1,0,1,0
1202,1202,22.0,32.11,0.0,2055.3249,0,0,1,0,0,0,0,1,0,1,0
1203,1203,51.0,32.3,1.0,9964.06,0,1,0,0,0,0,0,1,0,1,0
1204,1204,18.0,27.28,3.0,18223.4512,0,0,0,1,0,0,1,0,0,0,1
1205,1205,35.0,30.631379032258067,1.0,5116.5004,1,0,0,0,0,0,0,1,0,1,0
1206,1206,59.0,34.8,0.0,36910.60803,0,0,0,0,1,0,1,0,0,1,0
1207,1207,36.0,33.4,2.0,38415.474,0,0,0,0,1,0,0,1,0,0,1
1208,1208,37.0,25.555,1.0,20296.86345,0,1,0,0,0,0,1,0,0,0,1
1209,1209,59.0,37.1,1.0,12347.172,0,0,0,0,1,0,0,1,0,1,0
1210,1210,36.0,30.875,0.0,5373.36425,0,0,1,0,0,0,0,1,0,1,0
1211,1211,39.0,34.1,2.0,23563.01618,0,0,0,1,0,0,0,1,0,1,0
1212,1212,18.0,21.47,0.0,1702.4553,0,1,0,0,0,0,0,1,0,1,0
1213,1213,52.0,33.3,2.0,10806.839,0,0,0,0,1,0,1,0,0,1,0
1214,1214,27.0,31.255,1.0,3956.07145,0,0,1,0,0,0,1,0,0,1,0
1215,1215,18.0,39.14,0.0,12890.05765,0,1,0,0,0,0,0,1,0,1,0
1216,1216,40.0,25.08,0.0,5415.6612,0,0,0,1,0,0,0,1,0,1,0
1217,1217,29.0,37.29,2.0,4058.1161,0,0,0,1,0,0,0,1,0,1,0
1218,1218,46.0,34.6,1.0,41661.602,0,0,0,0,1,0,1,0,1,0,0
1219,1219,38.0,30.631379032258067,3.0,7537.1639,0,0,1,0,0,0,1,0,1,0,0
1220,1220,30.0,21.945,0.0,4718.20355,0,1,0,0,0,0,1,0,0,1,0
1221,1221,40.0,24.97,2.0,6593.5083,0,0,0,1,0,0,0,1,0,1,0
1222,1222,50.0,25.3,0.0,8442.667,0,0,0,1,0,0,0,1,0,1,0
1223,1223,20.0,24.42,0.0,26125.67477,0,0,0,1,0,0,1,0,0,0,1
1224,1224,41.0,23.94,1.0,6858.4796,1,0,0,0,0,0,0,1,0,1,0
1225,1225,33.0,39.82,1.0,4795.6568,0,0,0,1,0,0,1,0,0,1,0
1226,1226,38.0,16.815,2.0,6640.54485,0,1,0,0,0,0,0,1,0,1,0
1227,1227,42.0,37.18,2.0,7162.0122,0,0,0,1,0,0,0,1,0,1,0
1228,1228,56.0,34.43,0.0,10594.2257,0,0,0,1,0,0,0,1,0,1,0
1229,1229,58.0,30.305,0.0,11938.25595,0,1,0,0,0,0,0,1,0,1,0
1230,1230,52.0,30.631379032258067,3.0,60021.39897,0,0,1,0,0,0,0,1,0,0,1
1231,1231,20.0,21.8,0.0,20167.33603,0,0,0,0,1,1,0,0,0,0,1
1232,1232,54.0,24.605,3.0,12479.70895,0,0,1,0,0,0,1,0,0,1,0
1233,1233,58.0,23.3,0.0,13311.265686102104,0,0,0,0,1,0,0,1,0,1,0
1234,1234,45.0,27.83,2.0,8515.7587,0,0,0,1,0,0,1,0,0,1,0
1235,1235,26.0,31.065,0.0,2699.56835,0,0,1,0,0,1,0,0,0,1,0
1236,1236,63.0,21.66,0.0,14449.8544,0,1,0,0,0,0,1,0,0,1,0
1237,1237,58.0,28.215,0.0,12224.35085,0,0,1,0,0,0,1,0,0,1,0
1238,1238,37.0,22.705,3.0,6985.50695,0,1,0,0,0,0,0,1,0,1,0
1239,1239,25.0,42.13,1.0,3238.4357,0,0,0,1,0,1,0,0,0,1,0
1240,1240,52.0,41.8,2.0,47269.85400000001,0,0,0,1,0,1,0,0,0,0,1
1241,1241,64.0,36.96,2.0,49577.6624,0,0,0,1,0,0,0,1,0,0,1
1242,1242,22.0,21.28,3.0,4296.2712,0,0,1,0,0,1,0,0,0,1,0
1243,1243,28.0,33.11,0.0,3171.6149,0,0,0,1,0,0,1,0,1,0,0
1244,1244,18.0,33.33,0.0,1135.9407,0,0,0,1,0,0,0,1,0,1,0
1245,1245,28.0,24.3,5.0,5615.369000000001,0,0,0,0,1,0,0,1,0,1,0
1246,1246,45.0,30.631379032258067,3.0,9101.798,0,0,0,0,1,0,1,0,0,1,0
1247,1247,33.0,29.4,4.0,6059.173000000001,1,0,0,0,0,0,0,1,1,0,0
1248,1248,18.0,39.82,0.0,1633.9618,0,0,0,1,0,0,1,0,0,1,0
1249,1249,32.0,30.631379032258067,1.0,37607.5277,0,1,0,0,0,0,0,1,0,0,1
1250,1250,24.0,29.83,0.0,13311.265686102104,0,1,0,0,0,0,0,1,0,0,1
1251,1251,19.0,19.8,0.0,1241.565,1,0,0,0,0,0,0,1,0,1,0
1252,1252,20.0,27.3,0.0,16232.847,0,0,0,0,1,0,0,1,0,0,1
1253,1253,40.0,29.3,4.0,15828.82173,0,0,0,0,1,0,1,0,0,1,0
1254,1254,34.0,27.72,0.0,4415.1588,0,0,0,1,0,0,1,0,0,1,0
1255,1255,42.0,37.9,0.0,6474.013000000001,0,0,0,0,1,0,1,0,0,1,0
1256,1256,51.0,36.385,0.0,11436.73815,0,0,1,0,0,0,1,0,0,1,0
1257,1257,54.0,27.645,1.0,11305.93455,0,0,1,0,0,0,1,0,0,1,0
1258,1258,55.0,37.715,3.0,30063.58055,0,0,1,0,0,0,0,1,0,1,0
1259,1259,52.0,23.18,0.0,10197.7722,0,1,0,0,0,0,1,0,1,0,0
1260,1260,32.0,20.52,0.0,4544.2348,0,1,0,0,0,0,1,0,0,1,0
1261,1261,28.0,37.1,1.0,3277.161,0,0,0,0,1,0,0,1,0,1,0
1262,1262,41.0,28.05,1.0,13311.265686102104,0,0,0,1,0,0,1,0,0,1,0
1263,1263,43.0,29.9,1.0,7337.748,0,0,0,0,1,0,1,0,0,1,0
1264,1264,49.0,33.345,2.0,10370.91255,0,1,0,0,0,0,1,0,0,1,0
1265,1265,39.0,23.76,0.0,26926.5144,0,0,0,1,0,0,0,1,0,0,1
1266,1266,55.0,30.631379032258067,0.0,10704.47,0,0,0,0,1,0,1,0,0,1,0
1267,1267,24.0,31.065,0.0,34254.05335,0,1,0,0,0,1,0,0,0,0,1
1268,1268,20.0,33.3,0.0,1880.487,0,0,0,0,1,0,1,0,0,1,0
1269,1269,45.0,27.5,3.0,8615.3,0,0,0,0,1,0,0,1,0,1,0
1270,1270,26.0,33.915,1.0,3292.52985,0,0,1,0,0,0,0,1,0,1,0
1271,1271,25.0,34.485,0.0,3021.80915,0,0,1,0,0,0,1,0,0,1,0
1272,1272,43.0,25.52,5.0,14478.33015,0,0,0,1,0,0,0,1,0,1,0
1273,1273,35.0,27.61,1.0,4747.0529,0,0,0,1,0,0,0,1,0,1,0
1274,1274,26.0,27.06,0.0,17043.3414,0,0,0,1,0,0,0,1,0,0,1
1275,1275,57.0,23.7,0.0,10959.33,0,0,0,0,1,0,0,1,0,1,0
1276,1276,22.0,30.4,0.0,2741.948,0,1,0,0,0,0,1,0,0,1,0
1277,1277,32.0,29.735,0.0,4357.04365,0,0,1,0,0,0,1,0,0,1,0
1278,1278,39.0,30.631379032258067,1.0,22462.04375,0,1,0,0,0,0,0,1,0,0,1
1279,1279,25.0,26.79,2.0,4189.1131,0,0,1,0,0,0,1,0,0,1,0
1280,1280,48.0,33.33,0.0,8283.6807,0,0,0,1,0,0,1,0,0,1,0
1281,1281,47.0,27.645,2.0,24535.69855,0,0,1,0,0,0,1,0,0,0,1
1282,1282,18.0,21.66,0.0,14283.4594,0,1,0,0,0,0,1,0,0,0,1
1283,1283,18.0,30.03,1.0,1720.3537,0,0,0,1,0,0,0,1,0,1,0
1284,1284,61.0,36.3,1.0,13311.265686102104,0,0,0,0,1,0,0,1,0,0,1
1285,1285,47.0,24.32,0.0,8534.6718,0,1,0,0,0,0,1,0,0,1,0
1286,1286,28.0,17.29,0.0,3732.6251,0,1,0,0,0,0,1,0,0,1,0
1287,1287,36.0,25.9,1.0,5472.4490000000005,0,0,0,0,1,0,1,0,1,0,0
1288,1288,20.0,30.631379032258067,2.0,38344.566,0,0,0,0,1,0,0,1,0,0,1
1289,1289,44.0,34.32,0.0,7147.4728,0,0,0,1,0,0,0,1,0,1,0
1290,1290,39.0,19.95,2.0,13311.265686102104,1,0,0,0,0,0,1,0,0,1,0
1291,1291,19.0,34.9,0.0,34828.654,0,0,0,0,1,0,0,1,0,0,1
1292,1292,21.0,23.21,0.0,1515.3449,0,0,0,1,0,0,0,1,0,1,0
1293,1293,46.0,25.745,0.0,9301.89355,0,0,1,0,0,0,0,1,0,1,0
1294,1294,58.0,25.175,0.0,11931.12525,0,1,0,0,0,0,0,1,0,1,0
1295,1295,20.0,22.0,1.0,1964.78,0,0,0,0,1,0,0,1,0,1,0
1296,1296,18.0,26.125,0.0,1708.92575,1,0,0,0,0,0,0,1,0,1,0
1297,1297,28.0,26.51,2.0,4340.4409,0,0,0,1,0,0,1,0,0,1,0
1298,1298,33.0,27.455,2.0,5261.46945,0,0,1,0,0,0,0,1,0,1,0
1299,1299,19.0,25.745,1.0,2710.82855,1,0,0,0,0,0,1,0,0,1,0
1300,1300,45.0,30.36,0.0,62592.87309,0,0,0,1,0,0,0,1,0,0,1
1301,1301,62.0,30.875,3.0,46718.16325,1,0,0,0,0,0,0,1,0,0,1
1302,1302,25.0,20.8,1.0,3208.7870000000003,0,0,0,0,1,0,1,0,0,1,0
1303,1303,39.0,27.8,0.0,37829.7242,0,0,0,0,1,0,0,1,0,0,1
1304,1304,42.0,24.605,2.0,21259.37795,0,1,0,0,0,0,0,1,0,0,1
1305,1305,24.0,27.72,0.0,2464.6188,0,0,0,1,0,0,1,0,0,1,0
1306,1306,29.0,21.85,0.0,16115.3045,0,1,0,0,0,0,1,0,0,0,1
1307,1307,32.0,28.12,0.0,21472.4788,0,0,1,0,0,0,0,1,1,0,0
1308,1308,25.0,30.631379032258067,0.0,33900.653,0,0,0,0,1,0,1,0,0,0,1
1309,1309,41.0,32.2,2.0,6875.960999999999,0,0,0,0,1,0,0,1,0,1,0
1310,1310,42.0,26.315,1.0,6940.90985,0,0,1,0,0,0,0,1,0,1,0
1311,1311,33.0,26.695,0.0,4571.41305,0,0,1,0,0,0,1,0,0,1,0
1312,1312,34.0,42.9,1.0,4536.259,0,0,0,0,1,0,0,1,0,1,0
1313,1313,19.0,34.7,0.0,36397.576,0,0,0,0,1,0,1,0,0,0,1
1314,1314,30.0,23.655,3.0,18765.87545,0,0,1,0,0,0,1,0,0,0,1
1315,1315,39.0,28.31,0.0,11272.33139,0,1,0,0,0,1,0,0,0,1,0
1316,1316,19.0,20.6,0.0,1731.677,0,0,0,0,1,0,1,0,0,1,0
1317,1317,18.0,53.13,0.0,1163.4627,0,0,0,1,0,1,0,0,0,1,0
1318,1318,35.0,30.631379032258067,4.0,19496.71917,0,1,0,0,0,0,0,1,0,1,0
1319,1319,39.0,26.315,0.0,7201.70085,0,0,1,0,0,0,1,0,0,1,0
1320,1320,31.0,31.065,0.0,5425.02335,0,0,1,0,0,0,0,1,0,1,0
1321,1321,39.0,26.695,0.0,28101.33305,0,1,0,0,0,0,0,1,0,0,1
1322,1322,62.0,38.83,0.0,13311.265686102104,0,0,0,1,0,0,0,1,0,1,0
1323,1323,42.0,40.37,2.0,43896.3763,0,0,0,1,0,0,1,0,0,0,1
1324,1324,31.0,25.935,1.0,13311.265686102104,0,0,1,0,0,0,0,1,0,1,0
1325,1325,61.0,33.535,0.0,13143.33665,0,1,0,0,0,0,0,1,0,1,0
1326,1326,39.0,32.87,0.0,7050.0213,0,1,0,0,0,0,1,0,0,1,0
1327,1327,51.0,30.03,1.0,9377.9047,0,0,0,1,0,0,0,1,0,1,0
1328,1328,23.0,24.225,2.0,22395.74424,0,1,0,0,0,0,1,0,0,1,0
1329,1329,52.0,30.631379032258067,2.0,10325.206,0,0,0,0,1,0,0,1,0,1,0
1330,1330,57.0,25.74,2.0,12629.1656,1,0,0,0,0,0,1,0,0,1,0
1331,1331,23.0,33.4,0.0,10795.93733,1,0,0,0,0,0,1,0,0,1,0
1332,1332,52.0,44.7,3.0,11411.685,0,0,0,0,1,0,1,0,0,1,0
1333,1333,50.0,30.97,3.0,10600.5483,1,0,0,0,0,0,0,1,0,1,0
1334,1334,18.0,31.92,0.0,2205.9808,0,1,0,0,0,0,1,0,0,1,0
1335,1335,18.0,36.85,0.0,1629.8335,0,0,0,1,0,0,1,0,0,1,0
1336,1336,21.0,25.8,0.0,13311.265686102104,0,0,0,0,1,0,1,0,0,1,0
1337,1337,61.0,29.07,0.0,29141.3603,0,0,1,0,0,0,1,0,0,0,1
